214	386
298	86
261	118
287	141
239	460
477	495
46	274
463	311
214	220
10	245
64	102
469	295
287	423
347	39
83	108
59	227
119	454
322	402
434	172
457	487
391	395
147	445
315	380
21	56
1	365
221	99
493	52
359	496
363	436
415	8
434	217
310	322
184	31
107	73
142	142
14	437
341	244
331	232
269	412
167	27
186	231
164	156
385	356
392	324
466	434
139	190
95	330
208	18
14	317
233	374
395	265
183	359
461	272
454	460
193	148
57	161
33	466
21	49
139	313
278	270
346	29
383	491
185	37
149	131
135	24
386	423
388	450
305	211
382	493
59	341
379	116
480	192
392	20
190	397
458	315
72	60
39	378
93	6
297	187
90	154
384	17
50	188
186	94
429	444
13	369
253	443
84	422
249	137
154	154
200	441
496	416
7	225
128	483
436	231
97	444
249	176
269	347
138	122
157	313
26	356
476	310
131	347
305	69
114	140
350	472
54	310
78	339
308	421
240	177
448	129
5	211
491	121
63	62
291	79
148	215
51	401
465	247
257	285
341	149
23	110
281	312
332	274
201	425
393	486
76	118
134	387
345	81
357	267
247	93
341	309
444	53
17	125
286	72
106	447
169	414
364	326
413	127
384	272
194	309
135	91
366	406
31	31
469	171
360	422
15	155
325	391
430	286
385	392
438	200
226	138
431	99
218	261
98	274
102	278
65	42
129	293
346	21
287	253
210	352
447	277
171	239
364	22
145	467
477	324
424	371
268	80
10	5
140	38
170	405
445	232
68	271
497	222
402	281
291	22
102	23
397	67
162	399
67	31
377	483
254	297
265	15
79	63
155	25
135	248
430	175
169	131
395	266
245	358
423	51
164	388
462	11
205	278
449	494
343	382
475	144
44	258
410	248
483	387
84	93
183	398
151	375
205	405
203	260
229	241
51	291
296	306
66	84
162	68
268	164
344	344
369	490
275	81
397	54
377	313
385	357
223	292
36	57
390	312
135	94
360	229
173	159
432	255
331	226
202	499
416	360
253	489
412	358
454	139
464	146
250	395
364	448
423	440
45	32
324	106
168	484
384	106
454	117
454	74
251	134
290	85
187	190
354	461
418	45
159	438
35	394
368	300
166	322
4	286
48	477
13	209
341	496
161	226
497	45
340	281
429	104
424	220
394	193
71	162
490	301
314	163
68	77
497	244
347	433
323	114
175	202
55	305
351	375
338	214
227	56
13	254
306	302
176	350
273	9
158	28
26	61
299	454
169	224
229	463
97	406
41	35
388	14
408	341
418	60
247	45
37	492
447	276
11	265
78	274
434	451
454	189
410	384
343	355
309	460
16	406
473	488
181	64
207	109
461	38
335	490
272	123
289	420
403	417
350	407
170	230
207	324
50	109
470	472
282	75
409	59
260	181
319	265
195	346
133	92
481	202
179	355
320	302
207	133
386	120
53	232
5	456
159	304
7	453
297	192
429	254
6	210
6	368
245	414
331	151
148	294
355	496
109	438
314	489
211	160
34	459
351	213
345	189
448	310
190	397
101	24
29	86
199	226
112	197
290	186
427	6
474	49
132	231
317	297
446	158
219	41
433	353
238	163
115	419
363	483
256	450
353	28
215	216
449	120
275	136
310	256
261	198
347	17
71	252
349	131
368	290
110	114
50	28
473	204
49	465
47	47
457	16
55	403
313	240
460	69
71	403
448	494
278	54
227	120
218	496
52	207
314	65
211	171
3	116
188	414
124	118
183	155
322	243
326	92
60	128
204	289
4	479
264	361
354	77
23	297
122	396
489	334
427	394
312	290
91	486
255	284
212	345
293	53
447	70
192	227
16	360
403	208
139	303
61	350
287	362
326	20
228	167
416	438
77	327
322	388
420	182
297	413
13	417
489	460
172	402
366	398
72	8
263	162
113	159
337	46
81	359
243	143
274	458
412	336
120	201
368	297
317	490
160	361
347	84
454	255
155	301
170	66
73	272
348	199
30	430
88	46
352	15
369	365
309	162
210	457
1	32
112	382
223	489
184	24
122	285
111	319
218	335
279	181
150	273
182	307
281	426
101	69
383	413
458	195
185	358
141	474
24	451
245	315
36	117
116	299
437	75
48	183
371	429
324	56
426	283
29	415
273	395
144	198
199	225
331	361
8	8
39	70
379	311
150	180
124	409
453	414
87	58
457	376
70	236
87	13
31	399
100	329
144	481
211	194
76	485
295	7
220	358
298	125
53	147
311	108
114	428
10	474
451	221
183	319
167	248
343	374
392	287
493	27
154	205
302	38
470	483
472	301
192	111
475	109
144	0
416	427
412	335
51	332
202	234
223	493
192	374
25	440
204	323
452	245
130	224
38	277
40	382
60	110
415	399
64	204
27	78
113	130
447	100
452	12
344	230
462	243
361	166
184	270
429	479
309	98
500	187
217	238
169	268
326	243
292	99
68	468
422	271
443	29
164	263
174	374
473	394
242	415
74	365
205	13
488	415
488	69
282	45
385	482
83	457
315	398
407	102
113	398
449	416
22	160
213	324
208	236
395	288
447	298
301	97
497	48
391	49
292	314
114	295
110	315
204	218
150	304
182	343
418	65
400	112
62	331
60	318
47	44
234	204
468	172
448	188
178	404
407	484
463	11
319	166
287	415
387	194
86	93
462	117
445	328
41	39
434	366
44	328
64	29
122	89
443	301
227	410
236	250
64	32
348	420
215	101
235	75
231	1
30	348
202	386
460	161
64	327
367	481
271	355
180	247
35	19
205	251
63	482
417	231
422	67
189	154
16	263
313	206
217	394
176	475
271	261
55	196
347	5
498	433
164	400
227	286
295	197
273	117
427	405
371	230
252	393
399	18
145	167
427	346
111	450
152	165
201	446
213	21
209	215
112	86
340	250
382	56
463	184
30	482
221	21
434	224
297	116
298	152
397	273
183	270
61	274
131	167
489	304
418	498
213	284
175	98
19	297
15	7
68	14
353	172
212	492
357	451
387	138
394	237
372	2
314	92
415	50
280	470
425	34
177	64
404	432
58	433
123	305
431	332
117	303
32	138
117	78
52	21
245	459
117	208
338	16
323	247
98	168
369	368
380	50
419	134
323	313
49	258
214	124
489	192
433	104
41	458
459	118
113	338
29	115
222	60
90	254
440	404
383	313
84	224
170	223
75	349
496	399
338	446
482	446
14	350
400	1
118	313
424	102
84	283
121	197
268	119
350	132
188	61
483	465
400	227
495	449
13	61
446	242
489	102
441	301
365	171
164	79
279	476
421	145
286	298
368	125
340	268
168	395
119	486
414	428
237	196
446	43
65	17
437	375
107	272
373	354
401	466
108	356
296	68
20	234
37	487
431	180
312	159
11	365
465	85
180	197
38	496
435	354
13	327
100	474
125	138
25	480
484	497
116	399
25	41
431	360
369	90
269	363
462	366
145	410
235	316
474	188
233	93
380	257
84	466
271	410
217	108
333	68
308	461
4	445
249	485
454	39
370	345
88	39
205	340
240	158
305	44
335	292
150	303
386	263
248	304
63	194
127	132
449	52
255	65
299	256
180	298
158	448
270	115
155	237
251	483
300	44
488	488
463	87
452	67
225	144
126	487
2	92
336	480
248	42
0	62
211	321
379	67
239	103
175	333
282	458
88	479
83	53
430	394
18	202
132	296
214	285
212	238
490	449
205	203
342	234
211	479
193	144
160	368
23	422
361	65
66	46
152	109
183	253
182	58
37	276
458	341
405	309
166	111
454	337
128	229
182	458
99	480
142	135
321	310
444	392
208	170
142	276
50	469
123	262
470	314
432	87
231	335
119	24
465	155
157	95
371	297
181	140
21	334
319	40
403	430
13	73
4	152
402	279
404	117
238	390
378	472
25	441
282	374
455	280
6	152
328	284
93	123
367	349
363	17
148	251
43	395
493	192
341	195
160	153
359	386
485	121
230	302
427	305
42	227
482	469
268	140
233	62
110	366
337	288
192	261
185	262
451	331
321	158
101	478
367	265
278	370
226	180
175	384
260	192
170	369
328	217
53	311
65	442
327	262
401	228
305	216
136	366
301	28
471	179
382	421
194	242
143	142
111	372
128	148
57	110
223	450
182	134
76	173
132	333
428	43
385	180
303	443
123	398
466	303
361	113
497	287
32	134
37	340
11	494
476	487
18	398
48	10
383	152
328	110
184	445
342	29
163	35
313	125
207	171
417	102
362	427
403	481
487	221
363	135
83	217
103	196
273	124
340	103
237	436
324	251
398	136
403	37
334	448
259	157
121	490
3	214
492	376
67	195
432	387
145	229
74	9
87	301
81	205
38	352
294	466
356	299
123	235
251	312
259	452
212	393
95	154
187	401
176	150
324	249
148	190
56	90
464	106
432	283
172	0
460	119
195	112
171	452
414	493
39	304
100	255
24	209
378	317
170	175
216	253
200	413
437	70
291	488
463	430
31	460
214	41
361	350
162	357
411	244
23	40
79	108
499	404
35	63
163	106
209	152
386	124
145	73
110	437
44	450
479	495
257	453
170	403
393	366
238	257
376	439
117	13
120	297
374	309
215	437
447	242
1	465
250	42
60	266
190	86
261	423
315	27
65	492
151	425
311	413
253	446
421	106
92	54
370	191
200	21
375	463
229	135
431	247
412	407
214	446
204	357
405	131
344	328
325	395
391	495
39	74
303	72
476	469
408	380
62	335
444	342
471	132
386	12
373	70
46	9
311	384
180	156
357	126
73	93
42	348
37	481
466	110
260	71
102	342
286	256
52	224
281	270
347	103
429	402
10	433
89	439
399	61
218	150
405	6
92	493
329	179
295	352
75	436
257	147
461	66
363	410
260	329
381	234
338	152
6	188
406	71
221	163
36	132
253	385
142	220
115	340
258	315
288	385
489	352
252	294
425	449
109	18
204	108
140	248
151	388
348	38
414	256
217	138
469	240
479	112
154	305
494	236
36	394
128	410
196	428
138	287
303	223
263	141
92	185
144	154
409	63
341	54
25	183
208	441
67	263
125	428
184	303
239	338
243	196
329	80
447	187
225	451
377	401
399	6
326	242
180	118
376	170
285	269
264	161
490	141
263	410
304	483
463	336
487	263
434	226
189	160
287	201
348	141
242	320
397	190
233	93
23	18
217	61
320	472
218	11
169	272
41	490
289	303
382	377
242	496
132	248
399	474
336	476
135	369
182	232
230	255
280	99
94	110
397	401
219	202
222	463
426	14
462	197
316	345
348	121
413	234
314	229
211	38
427	314
87	126
62	325
339	227
19	455
49	148
419	489
139	84
459	236
399	430
409	465
422	424
35	143
133	449
272	100
193	117
496	352
151	489
439	435
29	268
307	410
167	314
196	110
221	294
301	63
199	344
388	65
138	403
398	28
174	331
8	367
18	160
337	337
342	495
166	85
230	75
325	354
486	478
425	167
299	457
361	497
237	455
154	449
106	344
240	19
210	356
399	372
150	450
198	200
439	232
130	249
260	95
300	300
312	337
78	43
381	484
298	65
67	120
324	86
330	410
441	89
330	146
31	24
21	288
107	181
325	438
480	135
219	38
283	85
43	318
261	371
177	172
88	215
402	72
191	195
102	373
293	472
358	355
18	94
98	15
146	80
65	394
183	157
384	466
258	255
54	134
373	157
5	347
162	460
244	15
412	261
39	201
482	218
491	167
431	168
196	65
378	187
476	302
250	370
374	117
397	431
81	329
180	238
26	422
404	162
199	450
221	175
65	310
122	332
32	203
13	316
60	39
68	34
189	177
231	6
121	146
77	161
379	239
402	311
24	127
473	455
279	178
151	119
463	271
500	472
231	350
271	292
497	419
128	113
222	323
381	165
225	274
450	309
45	22
145	277
346	42
107	406
338	16
27	446
49	262
478	164
398	36
317	300
14	432
315	125
350	163
324	255
178	306
292	402
205	187
237	318
286	133
415	164
84	467
252	37
488	333
405	229
265	202
279	413
454	326
69	96
145	158
304	191
476	271
158	338
273	71
86	374
301	350
145	428
233	201
396	146
193	181
37	187
344	176
296	204
272	170
324	262
73	403
96	500
432	317
267	432
141	481
438	39
178	397
360	136
93	397
225	497
226	49
35	423
108	473
393	8
302	210
433	0
180	472
148	172
422	343
52	181
154	349
217	284
180	86
67	141
76	8
320	191
25	166
70	47
185	375
159	108
480	308
11	191
99	125
56	261
208	298
235	93
386	80
54	15
368	267
469	136
479	45
91	89
335	152
295	264
352	75
490	312
284	339
388	210
398	360
404	155
106	141
145	328
253	2
415	83
191	55
2	484
436	107
295	293
183	315
259	3
7	167
287	190
53	208
361	257
17	495
391	29
372	487
198	35
363	26
192	132
330	96
59	495
298	323
467	339
65	120
327	491
460	331
183	206
71	203
421	420
71	241
379	459
432	182
288	259
159	385
486	458
334	127
237	390
63	172
224	427
381	245
91	149
441	237
276	192
317	259
24	57
257	3
417	232
124	279
22	488
490	54
128	11
399	50
270	336
163	34
173	284
486	174
424	322
320	161
340	241
120	390
364	278
399	335
240	326
82	60
204	303
415	189
382	207
448	385
358	43
133	192
175	321
395	208
489	358
434	137
205	353
48	109
277	241
132	8
441	178
435	194
421	497
450	36
410	185
212	193
213	433
465	392
447	453
211	33
71	405
78	470
500	351
496	259
171	167
198	410
147	310
46	402
403	314
395	339
289	412
65	35
336	345
390	66
432	77
401	390
265	133
426	267
444	29
426	91
296	61
293	217
366	214
61	115
228	260
238	64
163	182
10	219
136	388
376	318
296	46
261	197
366	290
10	492
149	233
368	441
317	269
11	30
284	238
180	197
499	200
150	48
397	144
124	448
121	324
491	150
103	406
396	357
473	14
74	78
411	377
314	309
74	315
98	12
220	22
387	257
360	291
373	223
298	120
70	418
185	365
382	435
238	303
205	24
280	97
31	461
129	162
178	167
249	135
101	175
219	149
429	416
145	221
66	311
246	209
413	489
421	140
373	430
78	3
171	455
350	465
332	200
317	453
231	390
189	41
9	54
213	478
320	281
224	212
472	332
96	18
314	34
172	307
188	16
80	356
90	15
414	19
247	423
310	230
152	409
64	256
205	48
303	172
435	163
445	307
119	341
349	482
383	68
272	130
147	132
397	407
359	43
83	101
75	97
67	187
106	277
487	242
392	195
268	67
85	136
423	42
237	439
290	427
204	498
368	497
123	300
348	313
406	434
430	169
83	111
55	227
203	82
178	188
199	444
345	309
68	64
62	340
274	28
143	377
428	280
81	152
230	471
296	81
45	321
161	208
300	435
137	387
222	10
51	384
38	187
297	226
308	336
85	14
149	418
359	55
71	181
83	334
82	111
384	400
202	494
440	76
321	143
134	245
265	478
12	2
25	179
212	220
155	229
218	106
282	192
331	158
434	240
74	55
98	336
0	207
166	156
39	1
430	277
349	86
336	170
118	230
476	62
300	264
104	177
156	247
81	35
110	141
22	139
390	130
188	403
243	365
435	330
135	67
186	407
401	444
204	354
422	9
239	320
212	240
326	24
158	42
351	246
307	328
125	414
451	406
228	438
296	434
214	337
495	482
4	487
6	205
422	389
488	46
337	148
346	7
361	230
108	375
405	12
336	190
209	472
196	6
276	266
65	209
413	248
29	77
249	438
318	474
311	152
329	398
488	128
371	224
254	14
484	379
368	451
285	346
39	460
326	99
164	154
402	19
492	243
471	331
252	359
233	293
392	426
170	60
149	181
467	205
47	96
305	101
305	96
351	380
104	242
246	310
377	55
282	275
120	425
97	491
36	163
485	90
56	214
163	305
272	265
315	279
56	180
70	325
296	415
1	319
165	88
24	147
260	222
435	163
483	1
5	305
296	51
198	105
110	436
28	431
127	44
335	17
171	92
157	123
385	86
173	432
158	320
459	129
238	18
126	421
383	490
156	173
18	117
28	206
448	303
200	196
447	308
112	58
208	337
109	107
286	425
338	170
405	445
271	54
335	415
184	410
421	180
286	80
378	475
218	209
489	51
99	211
192	153
141	389
150	11
474	344
291	39
149	494
397	160
81	399
446	318
316	260
87	310
345	108
15	141
298	414
219	436
231	28
379	249
170	308
490	236
328	257
17	169
47	38
1	449
443	462
311	132
481	484
474	432
135	162
492	306
12	428
263	402
386	137
27	249
78	169
156	439
319	300
36	138
135	24
78	164
313	354
399	141
341	331
500	446
495	250
346	216
438	309
425	286
279	169
447	256
176	165
375	473
129	62
495	350
496	207
491	259
69	409
410	236
192	382
30	224
372	468
439	260
33	24
424	72
237	353
421	227
273	62
42	340
230	159
186	280
8	271
290	60
42	25
441	357
45	185
232	465
33	254
495	468
113	259
48	339
411	60
340	469
193	120
362	307
287	103
237	311
349	244
299	395
216	244
14	127
439	105
404	260
80	439
124	250
374	202
285	89
88	395
17	77
272	375
93	58
391	334
80	390
93	137
369	198
173	6
90	493
211	283
420	415
165	414
267	371
439	187
308	366
43	285
313	96
383	328
411	419
442	213
309	86
166	41
40	318
384	331
17	186
199	453
435	53
443	259
342	315
190	420
72	5
448	146
445	374
396	332
81	87
339	106
350	303
107	150
196	480
52	207
13	314
103	288
484	319
173	25
8	309
213	281
194	446
463	290
18	7
487	119
131	297
126	270
167	227
0	212
493	326
459	4
339	342
385	393
52	316
500	397
206	23
16	373
367	121
7	313
199	409
204	307
76	2
406	323
283	420
447	58
237	38
310	5
261	467
477	64
312	284
136	289
370	318
430	195
378	431
124	411
376	398
28	337
219	253
480	244
340	403
224	326
181	287
367	345
270	288
148	429
245	91
193	210
237	374
176	339
48	292
399	261
107	325
123	193
132	300
98	412
63	113
8	204
82	132
316	200
468	203
86	184
100	54
155	100
75	176
333	212
147	228
457	2
383	135
222	28
150	326
353	409
259	243
478	81
96	72
454	374
380	424
324	117
485	37
13	364
492	145
289	217
461	143
437	139
121	227
268	326
410	476
411	305
84	376
391	187
379	336
449	350
460	25
333	140
108	485
10	371
160	340
266	328
451	157
182	478
305	402
348	303
454	279
266	408
357	372
458	28
84	295
353	257
391	87
345	133
253	117
376	93
313	241
266	472
260	469
140	41
397	266
246	472
364	445
227	435
281	76
259	220
175	285
315	177
79	151
19	141
242	101
254	414
308	360
180	185
325	119
186	414
25	136
415	153
118	359
21	487
196	22
348	450
191	218
468	432
179	103
435	142
116	83
397	51
449	55
413	299
307	471
38	112
112	253
140	279
85	388
426	410
400	259
209	16
115	456
97	31
261	466
481	316
302	14
142	35
70	27
399	161
130	396
441	388
311	150
179	130
159	138
309	184
349	479
324	105
464	169
453	476
131	152
236	383
56	411
290	497
129	267
0	411
88	105
407	76
324	261
165	66
301	327
51	44
239	86
90	370
272	380
205	141
203	424
387	150
120	256
194	425
167	447
1	190
426	80
419	403
148	80
111	48
399	493
23	483
54	386
380	377
271	23
356	310
35	129
327	153
262	50
263	264
424	16
198	348
105	302
436	335
48	15
192	331
139	351
423	167
384	182
198	71
148	391
498	329
11	101
133	86
272	232
314	282
203	19
378	422
419	357
80	125
166	310
390	40
499	260
403	284
465	244
300	453
284	429
201	292
398	62
47	223
488	237
153	80
200	476
496	95
390	302
260	194
484	427
476	3
385	259
333	315
48	294
102	491
103	180
461	268
334	356
183	460
166	88
123	114
473	160
56	162
438	138
123	268
379	476
0	184
28	486
157	327
76	367
60	189
237	405
468	90
67	209
314	274
420	257
234	53
22	55
170	24
308	279
86	123
382	334
424	256
191	479
223	117
300	460
330	346
325	290
236	155
113	345
16	488
352	117
289	27
254	245
475	94
344	73
453	373
218	157
45	173
214	480
321	297
494	185
169	449
303	406
304	179
489	36
332	97
151	21
243	207
175	331
357	480
56	116
238	312
315	431
95	352
42	163
269	460
132	217
323	27
377	53
408	433
67	298
440	311
7	38
492	490
157	168
62	314
402	222
274	152
295	230
221	297
196	346
32	498
237	498
406	478
268	305
179	458
492	384
351	235
152	405
43	463
127	158
391	276
423	82
21	1
52	141
133	463
480	198
157	171
191	309
25	157
250	315
130	70
154	438
405	403
56	19
366	251
444	299
249	59
177	400
334	54
396	303
85	370
246	378
170	29
500	48
2	162
170	392
466	485
289	11
183	418
361	66
55	278
484	356
175	400
10	245
90	184
400	433
375	256
233	186
177	379
325	480
110	306
3	359
24	279
211	232
333	64
209	280
359	4
370	304
487	414
208	446
483	204
299	291
438	16
398	282
10	451
29	253
36	98
97	203
5	314
439	316
426	345
60	97
236	374
313	85
14	224
97	336
496	105
235	107
41	114
119	140
235	13
208	390
185	228
374	110
82	247
461	310
478	169
384	160
132	346
462	429
269	300
106	229
147	140
67	487
436	129
473	111
421	328
356	102
406	345
7	442
172	346
488	232
199	61
47	213
298	184
156	314
440	476
113	337
336	112
239	376
282	337
219	276
76	269
35	216
233	218
206	298
145	415
117	499
174	15
47	194
130	348
221	132
370	117
125	332
221	416
397	89
241	169
446	71
288	158
312	204
468	216
7	49
107	425
172	274
331	171
264	75
264	39
430	124
230	102
221	203
176	389
407	64
146	295
438	11
177	467
220	382
136	397
211	424
344	365
239	204
129	339
59	154
117	368
464	341
405	498
258	345
166	33
370	427
358	466
165	311
275	62
474	332
342	86
102	348
418	382
126	331
279	169
364	302
129	347
54	273
290	105
323	366
441	86
227	416
1	450
26	466
276	83
298	365
228	160
17	225
251	421
31	372
198	173
252	20
363	109
438	175
266	120
76	22
297	167
167	453
373	39
178	17
210	475
98	332
263	488
31	108
311	142
98	268
353	369
90	363
421	274
325	202
141	230
113	63
281	407
403	240
138	155
500	226
283	375
366	417
199	466
426	245
55	475
449	237
269	53
346	267
404	473
474	333
130	31
47	188
289	232
425	258
441	477
101	175
447	48
455	473
434	139
312	25
488	104
398	500
175	436
51	160
356	378
240	235
12	108
498	474
197	378
435	381
62	335
299	302
70	375
61	28
71	265
6	147
141	318
232	92
214	276
70	13
376	179
22	342
358	219
315	166
61	263
29	110
499	168
33	334
354	374
174	269
192	120
208	9
313	389
98	264
179	32
253	153
126	101
299	138
269	33
109	127
124	402
246	468
76	484
350	135
14	336
289	497
377	322
367	390
329	22
183	284
407	309
102	500
488	84
403	164
6	444
496	201
143	343
171	74
66	91
450	76
67	350
217	407
348	365
208	495
433	271
383	248
159	191
271	294
44	33
186	65
315	500
78	149
216	290
127	243
489	216
313	329
249	12
118	471
90	1
492	220
454	450
465	482
228	33
46	348
457	389
390	224
297	494
59	493
500	471
439	12
147	65
259	191
160	345
311	384
435	57
76	147
457	267
292	172
22	238
42	237
36	251
435	136
32	95
229	463
278	447
213	47
384	286
231	327
34	378
311	458
352	337
298	154
164	24
5	153
424	229
201	322
133	66
488	89
140	8
476	260
309	114
167	454
290	167
228	426
368	18
242	173
88	208
367	248
437	269
334	157
432	36
290	137
494	351
489	328
389	481
39	20
461	148
469	402
470	410
153	388
278	168
119	114
259	374
459	403
7	115
287	300
428	117
462	120
157	3
58	319
225	118
436	453
340	464
159	4
322	191
283	9
116	119
455	41
424	98
375	205
13	179
160	354
372	56
92	4
291	172
41	175
314	113
300	491
46	272
277	27
210	17
166	468
87	406
234	476
465	164
360	159
103	20
194	6
1	298
410	133
422	228
95	346
498	55
492	455
390	64
296	7
450	369
66	422
121	36
338	289
137	34
490	353
205	387
305	173
487	121
361	423
114	14
174	170
291	483
132	494
298	357
397	79
475	152
211	390
403	427
269	73
41	118
423	348
230	135
387	112
286	219
443	56
414	92
432	403
400	41
468	147
351	175
143	26
28	97
129	101
80	414
285	109
395	303
347	297
68	393
74	181
371	283
211	428
290	27
279	112
463	160
474	107
367	168
233	193
28	71
43	97
118	398
57	445
299	230
191	99
8	57
495	300
488	343
50	284
286	117
417	296
132	7
134	313
167	184
435	1
21	183
126	121
101	81
498	48
368	433
203	279
105	168
108	33
303	115
330	277
212	384
386	375
385	132
441	286
341	164
314	489
18	20
318	111
105	199
424	160
359	5
246	139
27	440
101	230
396	70
459	52
52	81
68	66
148	284
344	403
484	296
52	81
140	304
433	426
443	169
294	147
244	274
209	7
114	138
296	234
381	33
23	351
91	418
128	314
362	261
323	407
372	4
456	336
220	411
117	161
476	70
34	44
247	168
202	452
426	141
287	193
401	398
393	389
4	401
370	124
312	441
223	170
74	410
500	96
387	141
352	276
170	426
30	398
355	210
8	420
459	408
263	355
59	55
317	213
352	94
103	188
410	24
492	366
0	413
440	18
287	379
247	168
408	399
40	237
287	332
473	422
3	119
329	413
399	124
245	246
427	138
425	27
198	492
462	334
303	297
155	226
373	142
248	237
80	215
79	436
386	210
152	96
183	295
485	485
338	409
289	422
185	441
217	323
39	178
194	329
145	151
187	312
6	76
437	99
155	87
212	139
238	26
37	287
494	177
24	236
306	241
129	391
283	323
229	224
68	168
380	151
76	189
252	423
416	121
4	343
16	330
280	23
213	424
500	36
321	398
113	74
279	363
125	357
44	479
410	419
276	448
208	349
212	277
459	147
499	155
65	140
320	75
264	189
340	405
218	219
475	293
470	214
265	372
142	109
252	60
206	180
79	74
89	193
395	432
462	318
488	155
207	451
168	131
280	408
332	86
228	95
270	87
302	251
325	256
283	309
51	7
482	235
2	164
56	31
203	30
414	384
153	444
336	28
29	88
13	15
15	376
438	472
400	211
254	25
416	419
490	388
489	60
246	200
243	122
25	123
125	116
472	368
379	193
95	68
224	206
91	219
238	361
19	130
180	22
30	323
219	79
149	446
497	346
315	157
371	268
341	403
444	306
479	301
137	22
167	262
393	6
356	370
375	334
8	217
462	383
74	49
51	165
361	344
454	493
329	16
14	73
284	43
232	332
424	205
477	389
296	425
360	484
461	391
5	416
158	52
461	30
422	151
237	329
358	402
46	0
337	243
63	178
220	24
424	254
107	258
65	312
464	240
245	215
335	115
323	192
106	44
159	191
37	34
431	464
236	372
330	351
401	29
104	416
260	247
439	247
60	248
230	248
486	348
254	43
377	96
231	213
466	226
439	414
328	14
165	201
147	360
486	303
187	489
373	396
206	190
247	269
50	351
219	261
426	165
306	290
479	356
386	160
62	304
309	83
113	492
391	169
322	110
21	465
483	318
190	173
434	399
50	486
159	195
421	360
305	343
385	446
190	187
92	284
337	424
78	12
227	133
125	401
212	70
43	21
305	48
99	223
55	302
130	274
214	423
445	130
44	430
91	296
332	155
408	300
169	93
239	139
0	2
24	90
278	401
62	252
479	176
74	33
200	174
86	322
125	377
75	99
7	381
149	191
258	159
212	353
316	256
148	291
167	348
95	31
443	424
220	202
315	10
311	463
490	5
264	154
229	131
79	48
25	387
104	101
188	166
463	373
75	31
304	116
222	335
184	163
26	187
411	414
209	128
99	432
67	131
108	233
206	432
32	490
479	9
429	313
279	43
409	351
167	183
59	337
388	427
74	466
342	173
32	3
424	164
242	132
298	489
222	468
279	129
455	336
296	380
427	447
342	337
233	93
415	264
107	63
293	74
307	20
65	192
253	416
400	162
302	113
51	68
412	3
139	154
104	250
394	432
405	102
461	103
69	132
107	365
145	27
464	186
347	286
364	19
470	8
93	188
124	425
58	291
285	459
440	237
46	41
235	339
165	1
499	341
231	185
55	212
19	61
301	302
421	497
360	85
490	428
349	104
145	496
379	448
430	393
333	303
471	25
275	144
368	28
329	223
168	271
173	204
141	255
13	172
244	260
255	53
55	480
387	16
442	20
471	325
396	441
176	9
140	179
142	77
13	484
10	264
42	360
166	64
322	43
199	348
279	308
413	167
416	347
359	22
144	372
372	288
480	201
179	188
372	50
107	272
441	276
136	105
39	169
48	203
171	105
225	364
424	281
277	328
10	400
468	116
14	398
214	144
346	125
117	407
66	426
258	135
171	270
426	196
119	47
441	345
360	91
46	134
87	241
323	373
250	349
71	244
254	62
219	283
95	402
18	8
16	408
26	137
59	289
372	341
493	265
335	404
388	6
345	206
39	263
126	230
455	190
82	480
456	490
227	268
160	20
386	269
336	279
21	249
347	8
324	217
245	396
74	141
108	145
239	278
448	393
252	246
210	112
111	269
86	500
397	308
453	106
218	167
98	380
95	231
176	71
449	355
68	37
228	3
71	202
376	59
118	192
118	450
18	483
150	300
33	474
497	9
76	493
206	460
448	331
270	100
84	221
286	187
235	376
319	41
112	11
281	468
155	406
343	434
281	356
477	193
119	117
266	176
117	245
152	181
156	419
249	246
404	15
53	66
135	190
150	376
456	380
256	376
89	341
183	224
415	490
73	89
438	142
101	367
369	462
236	58
60	193
75	434
254	127
365	155
44	445
333	161
496	199
449	107
338	398
492	352
67	325
439	128
197	223
168	271
63	80
438	16
128	153
412	312
365	397
222	158
215	414
285	207
15	352
386	358
36	309
426	319
263	336
143	148
191	483
120	98
181	20
272	18
456	93
146	66
8	183
184	119
432	255
40	61
149	286
71	302
15	110
381	272
168	464
220	126
38	499
493	481
383	269
489	368
488	177
302	290
310	388
269	370
461	411
253	101
307	486
190	137
137	123
273	167
230	140
484	44
141	145
213	456
143	220
40	273
38	156
445	339
100	126
382	85
46	166
145	337
322	72
111	346
490	161
387	488
472	499
297	361
340	177
330	302
289	356
86	205
428	183
409	357
116	417
312	85
479	479
293	405
180	231
83	213
74	97
339	112
134	350
307	471
399	201
225	153
475	9
155	130
371	500
277	86
352	178
37	328
393	79
247	123
341	18
340	499
242	379
31	385
428	490
371	337
140	81
496	381
385	263
428	499
482	198
293	52
33	251
168	111
248	152
398	153
120	182
241	116
278	298
95	409
462	306
223	339
497	199
389	328
47	166
389	336
217	462
83	103
119	292
269	54
251	22
253	490
161	50
439	389
279	178
125	499
231	181
78	252
284	163
389	379
476	253
379	340
411	335
143	314
392	8
48	125
377	361
424	151
466	345
170	328
334	380
226	77
291	115
477	466
159	30
499	271
5	51
330	393
442	88
412	419
222	44
393	45
122	4
85	125
278	409
349	42
106	439
224	355
126	49
478	107
73	168
383	137
402	425
282	173
417	49
149	272
423	110
477	60
413	90
105	232
350	500
425	39
281	178
423	62
145	172
262	262
251	387
326	294
133	297
139	133
394	343
496	105
3	398
227	19
256	36
132	70
51	121
215	488
313	48
95	456
143	356
322	258
304	406
221	26
44	297
424	447
142	453
266	125
357	9
221	379
428	368
233	237
281	56
374	153
17	368
350	484
110	288
355	135
188	79
287	149
248	214
266	466
443	193
443	5
291	319
235	275
8	340
403	397
159	10
91	453
52	1
32	246
200	297
54	311
252	300
335	40
478	114
5	162
409	488
93	297
107	402
55	412
399	144
356	300
96	142
302	285
311	411
189	405
89	300
157	251
165	319
254	209
208	6
255	286
425	341
476	79
164	281
40	407
149	156
153	120
151	123
311	97
183	85
317	196
163	137
108	111
182	256
122	13
250	211
86	471
484	184
194	350
157	54
371	135
55	263
71	460
97	433
412	249
364	330
103	122
132	339
84	236
379	119
60	152
323	212
461	189
349	66
214	452
206	174
377	72
424	422
4	347
309	183
428	268
175	175
282	421
86	477
110	142
258	254
440	226
428	39
97	276
177	64
334	73
217	257
103	370
348	414
158	117
290	386
220	168
471	309
22	106
492	397
55	458
253	266
163	400
112	397
370	479
427	303
95	499
369	222
290	316
16	198
67	79
222	302
111	300
286	25
253	209
2	163
305	486
147	52
487	41
255	72
424	54
460	301
161	347
42	242
377	357
118	170
185	15
116	469
356	291
323	114
244	345
491	279
296	120
174	183
386	263
316	133
288	439
495	229
6	90
356	361
127	95
79	368
120	338
151	109
355	387
275	50
328	396
440	270
301	278
15	332
478	254
405	404
136	483
417	236
487	340
291	37
179	400
442	219
230	159
306	144
419	424
109	188
308	382
329	367
92	314
99	168
255	87
395	254
157	77
280	15
487	368
223	450
91	474
55	150
126	168
486	236
42	303
354	14
492	326
433	143
413	500
259	352
78	230
303	21
172	263
197	163
285	371
87	261
264	279
318	190
405	485
268	188
353	202
18	253
156	386
422	202
278	90
26	452
371	324
407	82
288	4
393	428
11	359
242	217
28	428
398	277
208	305
376	323
389	217
487	248
141	268
499	178
77	30
160	168
47	289
495	167
259	247
448	20
139	225
100	209
462	20
350	444
414	219
49	334
43	109
173	39
134	55
202	49
316	15
278	363
126	117
414	156
138	330
14	307
1	113
402	482
292	367
278	470
257	447
279	240
427	166
369	465
464	130
247	287
339	157
70	292
11	24
241	217
12	6
143	89
117	247
24	295
244	391
231	207
77	142
166	92
368	102
225	345
127	183
194	154
113	247
1	133
314	53
124	445
143	323
36	226
108	43
27	452
285	247
295	392
78	82
365	47
364	284
470	135
213	453
296	467
189	35
339	283
466	116
393	46
76	5
154	168
97	74
174	330
234	186
376	183
210	137
119	357
240	161
481	32
401	48
19	414
75	185
378	499
475	7
486	139
454	215
186	81
189	327
96	174
397	124
133	63
475	347
195	322
349	85
155	370
412	129
388	423
306	185
430	378
279	159
396	189
426	441
26	238
220	432
67	398
340	369
113	164
349	251
442	395
477	461
284	195
205	103
336	377
397	392
302	427
71	1
245	213
475	270
422	86
165	7
219	55
234	346
85	34
198	371
235	61
113	16
233	262
69	322
306	114
62	444
79	320
309	452
458	298
133	371
128	441
468	286
309	189
197	52
483	377
264	193
198	436
218	340
165	371
14	287
51	347
3	375
184	465
111	161
63	302
451	245
337	337
38	7
389	99
139	216
462	395
177	309
325	226
500	50
421	158
223	475
411	302
2	15
41	21
398	158
94	150
206	48
57	474
217	266
177	179
330	246
127	324
345	212
56	315
311	475
101	76
387	297
391	369
118	287
51	126
421	389
269	146
242	251
242	55
224	83
316	71
487	209
472	197
387	43
6	211
8	285
139	423
177	128
282	388
33	344
339	260
423	419
153	223
257	345
406	104
474	426
187	249
362	217
493	29
325	128
261	474
359	395
150	465
311	226
411	173
355	246
420	166
88	158
240	256
160	408
217	495
204	438
99	248
245	42
139	387
185	44
119	482
228	15
165	331
8	430
431	309
170	89
299	218
333	297
362	267
374	498
193	361
170	307
116	237
391	26
69	41
196	119
318	429
497	362
330	262
352	49
316	161
270	230
333	108
103	124
406	410
191	269
156	209
408	114
483	82
254	65
122	285
285	327
40	38
316	129
164	423
19	39
215	451
48	458
234	371
487	330
236	94
157	365
267	117
63	65
330	353
59	496
0	178
260	237
217	159
345	133
157	419
330	440
449	169
455	377
127	254
445	360
355	37
435	464
99	253
39	488
328	1
87	39
370	245
485	484
385	242
134	39
138	297
91	118
429	320
153	253
415	367
76	268
378	333
310	327
41	485
130	416
17	45
44	10
440	160
171	36
147	454
276	202
421	452
206	28
22	395
330	124
96	415
337	135
292	451
393	352
109	459
370	388
96	272
367	466
46	41
45	263
271	274
58	352
430	132
240	52
27	491
220	485
459	51
23	290
186	69
29	172
381	153
327	15
264	178
331	500
309	364
46	108
150	265
9	458
127	126
351	219
455	149
104	275
491	187
209	493
186	275
252	394
165	170
204	254
236	266
409	32
100	309
16	8
133	53
276	64
139	448
363	130
189	316
355	279
64	465
406	316
110	354
425	426
51	259
332	343
449	273
265	450
323	231
242	79
430	4
188	466
452	449
325	169
89	393
12	22
465	115
233	306
343	25
407	57
418	22
87	176
409	51
218	178
179	206
4	341
199	306
489	97
83	495
380	45
77	303
90	341
403	495
468	194
387	284
332	34
430	289
72	247
243	490
293	164
257	172
198	227
50	175
111	369
259	452
223	422
388	200
198	185
202	335
387	450
1	75
431	416
107	80
496	113
406	133
215	43
202	260
204	174
1	150
39	127
458	171
372	223
221	338
351	25
142	277
356	447
320	429
484	157
314	235
303	97
185	175
386	430
286	74
297	169
124	376
321	386
12	304
16	395
225	331
413	273
317	220
138	419
324	29
280	450
446	132
58	394
468	97
149	168
241	379
381	446
456	52
327	302
94	305
60	139
159	315
41	154
428	112
397	189
18	312
131	234
190	428
335	448
345	116
458	49
61	207
268	66
498	255
92	3
102	90
144	493
438	292
100	216
47	134
28	488
471	187
440	309
461	158
76	423
30	73
70	433
166	138
87	22
239	338
10	142
329	11
352	272
196	450
426	417
221	182
75	275
92	62
207	442
467	263
220	359
187	408
416	68
288	263
242	348
411	169
55	464
142	93
321	195
163	426
181	104
465	225
366	18
381	340
414	122
353	349
227	484
49	112
148	297
240	256
150	341
51	52
458	118
494	400
138	322
288	253
269	151
405	18
414	73
275	473
9	187
193	237
287	227
453	361
253	446
471	316
8	429
181	343
85	395
216	295
343	215
65	450
111	11
69	118
469	417
96	206
338	334
356	304
480	377
265	391
367	166
428	225
166	3
38	80
187	343
153	116
450	274
395	87
353	365
310	119
63	434
321	87
227	401
114	280
394	125
118	328
433	204
353	470
173	102
75	242
202	226
149	427
33	236
189	244
319	239
320	371
425	97
41	303
51	224
319	133
150	100
101	46
310	452
225	80
272	473
28	482
64	457
340	57
272	97
55	0
413	314
336	326
400	41
106	91
155	494
499	257
47	157
174	14
434	323
162	92
199	12
164	246
130	377
217	397
348	477
410	176
54	202
8	29
76	353
1	317
51	2
269	27
116	14
63	423
176	426
60	225
234	26
495	327
175	302
306	1
180	207
300	5
62	190
103	53
222	460
214	373
71	263
28	350
168	199
74	147
314	472
258	53
163	72
444	168
487	79
309	301
341	384
199	140
94	438
248	265
152	282
452	216
492	314
185	12
341	263
123	303
366	358
418	331
329	447
193	412
237	281
79	113
235	72
144	265
250	428
275	227
130	128
74	309
143	224
228	452
438	103
20	225
251	361
479	256
299	429
215	181
326	240
129	474
413	168
365	198
79	58
357	26
398	2
36	380
129	412
82	28
55	0
67	384
424	109
474	321
218	96
205	286
288	162
483	404
439	92
80	27
395	422
380	26
65	241
153	215
36	480
16	28
277	55
99	311
32	178
421	167
107	356
376	15
467	120
39	276
400	399
80	322
310	5
52	155
279	49
68	367
488	335
166	257
441	371
160	310
299	403
423	418
386	470
269	91
482	241
92	390
200	407
79	49
85	186
62	476
208	66
358	39
152	469
457	337
67	495
140	392
147	278
151	488
477	50
177	446
139	81
276	18
49	40
6	46
44	100
437	76
127	206
259	246
19	187
401	221
279	164
345	376
198	71
209	170
96	23
128	214
347	12
177	496
39	367
423	418
166	6
264	294
470	216
460	1
422	163
451	376
313	329
297	497
431	379
160	20
356	230
51	162
183	182
126	164
0	103
342	17
338	290
414	134
269	246
392	493
236	126
392	450
487	446
141	315
88	290
303	494
279	364
274	33
260	321
277	126
356	185
400	126
98	369
266	475
45	299
438	227
425	409
189	497
405	29
415	177
492	165
375	262
148	248
107	225
104	283
472	185
405	125
243	469
186	16
478	286
121	497
109	415
110	227
10	258
327	78
236	212
388	230
155	175
264	42
104	212
402	65
56	105
130	295
494	233
365	68
134	434
20	342
183	419
183	231
217	340
176	420
469	328
266	146
143	8
144	426
487	289
355	241
207	175
427	323
435	149
69	149
338	70
362	408
65	126
226	234
89	137
139	197
435	372
478	245
462	175
443	150
255	16
110	23
244	175
235	73
277	199
41	303
446	39
304	109
188	15
0	360
200	262
147	156
401	410
231	337
341	373
79	358
305	342
334	217
388	184
145	84
226	116
410	123
318	316
270	222
455	490
474	363
90	224
90	210
93	186
439	354
39	193
110	61
205	145
463	47
104	295
463	485
112	329
358	279
355	432
222	484
137	426
386	331
487	50
74	391
249	436
337	321
87	119
438	110
43	266
323	265
93	486
55	354
53	148
36	272
25	1
231	202
433	130
11	291
238	234
332	314
355	247
368	500
202	293
236	385
214	371
144	477
334	495
373	296
449	42
2	283
138	194
438	483
300	67
55	397
168	270
404	384
107	388
495	250
337	244
67	44
4	446
219	109
140	493
445	75
264	488
152	283
97	104
277	160
497	489
257	487
454	152
108	30
434	333
406	294
0	422
446	279
19	131
475	24
115	294
399	252
47	156
284	111
89	143
67	89
184	380
170	469
282	226
180	119
443	76
6	486
347	153
28	453
91	132
213	437
211	181
41	443
23	385
43	48
247	455
255	438
154	13
116	402
374	263
472	135
431	333
302	276
382	451
481	225
188	107
245	58
490	260
62	145
220	182
119	202
475	286
271	488
42	42
467	260
418	171
311	53
366	91
264	349
476	296
25	325
75	119
170	359
164	377
193	208
31	204
491	474
464	252
67	317
144	321
194	109
434	333
338	410
90	60
442	104
166	354
193	322
146	172
229	256
144	141
382	196
212	178
239	89
395	448
138	358
351	412
316	439
12	126
324	493
39	388
58	408
341	406
318	42
165	54
89	357
463	457
164	231
471	477
313	148
421	373
442	215
130	84
29	43
492	46
309	455
423	275
229	212
119	143
497	399
27	322
344	287
338	137
317	106
271	244
204	418
49	274
218	308
16	358
401	256
193	148
185	357
285	122
256	59
18	151
447	89
165	486
196	284
136	175
388	353
17	354
75	320
279	188
326	347
408	26
487	386
162	200
430	279
376	427
482	349
99	157
96	3
276	429
204	183
3	22
145	2
193	367
177	492
272	444
406	148
475	476
366	231
118	17
106	486
48	238
422	364
353	245
141	238
371	257
157	334
265	125
124	87
315	331
328	470
362	277
98	420
400	177
22	91
199	210
21	189
441	398
437	479
148	468
326	383
195	487
402	337
218	154
464	322
457	3
309	347
139	300
84	79
366	245
12	171
462	369
227	108
92	315
61	306
250	439
397	167
380	214
426	442
260	432
323	337
426	69
488	333
346	64
68	207
350	95
42	458
142	260
118	244
484	431
173	463
407	46
414	34
289	8
75	76
132	429
41	486
282	271
299	25
446	205
469	313
105	115
20	49
93	251
277	293
199	56
276	472
378	484
398	137
9	402
402	362
459	249
33	478
246	3
341	137
348	163
164	0
37	212
311	259
175	86
45	30
190	118
53	190
98	494
87	38
342	210
193	324
186	178
97	496
435	143
350	92
220	61
242	256
205	57
30	71
44	407
119	388
409	35
54	57
30	395
263	338
182	143
381	125
77	238
269	341
170	437
436	72
52	434
321	108
424	242
350	419
77	236
380	348
152	185
63	63
486	418
120	137
264	372
202	414
100	435
452	392
453	496
246	246
244	477
236	52
51	384
484	440
218	66
300	218
400	192
196	487
337	331
239	277
135	198
171	168
15	42
160	377
123	355
457	144
321	123
256	235
360	171
59	178
479	218
187	335
71	183
238	496
5	148
500	155
20	127
409	290
249	79
62	52
183	283
391	315
301	129
23	237
109	242
295	267
218	351
216	242
102	483
428	379
376	100
94	386
272	380
165	289
428	29
254	434
239	352
283	22
360	142
305	430
6	121
7	473
36	317
4	357
248	107
185	462
225	323
277	321
47	227
468	458
181	376
497	84
56	158
53	268
113	208
302	16
54	344
456	448
468	467
392	98
48	323
84	173
219	228
57	494
412	483
40	464
400	364
123	268
463	447
285	29
263	452
489	325
369	112
43	115
471	120
264	298
51	363
191	370
412	403
270	396
421	366
276	117
371	155
406	176
186	94
22	325
220	431
82	463
