469	119	5
309	183	270
452	302	465
417	354	446
259	42	150
32	336	92
404	249	241
469	27	322
452	62	443
299	290	499
354	450	404
371	27	21
452	373	274
77	474	369
342	471	152
122	325	7
356	248	52
427	395	447
203	174	25
451	438	7
242	499	441
495	243	228
500	312	89
103	475	287
467	87	75
333	154	413
241	442	17
216	389	24
354	51	84
439	365	280
41	139	494
113	226	373
295	223	179
423	465	364
81	120	479
237	106	436
447	107	484
18	256	120
393	464	273
417	57	397
1	468	83
135	484	413
176	352	195
16	77	377
372	170	75
61	49	325
91	421	32
61	51	430
228	48	26
356	262	281
172	432	288
405	286	295
168	149	354
184	310	252
239	15	185
403	312	310
395	479	419
337	314	337
70	493	408
178	334	261
62	396	382
199	3	126
180	458	272
342	147	28
462	418	477
18	258	278
204	448	175
452	303	18
118	306	414
73	250	133
330	173	213
325	14	108
154	201	373
333	368	188
209	366	141
283	463	92
462	274	312
496	446	62
197	227	359
252	337	370
130	256	51
95	61	438
286	125	119
409	395	467
286	60	492
381	62	391
183	349	330
265	450	344
173	86	52
212	55	130
232	108	201
5	325	333
479	408	447
100	408	16
159	192	271
289	307	429
464	98	272
203	62	93
442	281	424
324	470	256
154	46	472
411	276	377
271	58	124
25	261	127
32	314	234
89	371	422
368	227	336
185	393	441
218	395	176
238	157	37
143	286	160
47	276	242
130	238	484
259	237	386
400	390	79
425	192	496
104	224	466
480	187	74
164	58	116
485	238	118
168	53	253
391	346	41
307	446	190
147	476	352
270	126	89
432	349	380
64	299	115
94	229	16
487	286	318
20	479	369
85	435	122
122	354	242
296	387	480
13	252	243
144	197	94
319	109	236
51	133	337
199	151	12
46	165	478
169	467	37
397	97	250
259	250	101
323	81	171
484	18	332
297	374	271
184	423	16
496	33	94
326	180	439
291	308	280
124	100	165
445	279	394
157	303	30
475	94	408
99	212	273
362	277	306
36	428	101
3	139	70
152	465	207
364	408	4
159	398	208
194	360	456
367	191	396
463	0	456
42	172	382
453	146	385
418	381	245
211	390	147
317	264	355
144	99	355
397	372	34
255	378	13
352	306	347
400	320	413
63	262	238
16	230	256
102	133	12
446	157	80
67	170	253
391	112	12
417	445	324
260	478	236
172	155	102
214	404	314
98	219	317
248	65	323
214	329	285
210	114	32
348	469	213
478	294	234
127	259	74
243	339	82
157	301	317
158	314	71
482	132	422
424	226	187
404	347	178
75	307	166
323	184	128
386	437	222
26	212	407
329	453	426
79	48	163
49	390	73
89	415	180
210	104	403
406	322	40
75	405	282
327	319	413
400	45	418
467	432	451
279	454	138
177	266	151
381	177	204
97	12	423
231	113	289
480	370	237
160	98	466
176	342	393
37	55	65
35	107	225
210	406	372
453	91	201
0	476	216
116	86	355
113	437	407
487	46	85
242	280	330
257	125	396
450	234	158
249	418	188
174	215	5
349	393	200
61	426	183
372	434	401
321	466	421
371	166	125
339	108	456
63	171	470
183	197	0
382	78	465
378	350	353
142	253	455
172	275	360
475	454	491
97	435	329
248	185	14
477	466	14
158	141	433
167	453	371
154	29	133
362	187	465
249	265	35
489	476	79
263	490	255
157	327	488
120	241	378
143	467	170
332	174	195
195	215	312
37	313	388
45	291	110
416	402	39
23	336	160
165	144	149
123	493	356
39	227	450
291	122	61
144	219	149
166	485	355
39	192	431
353	238	75
9	113	46
21	302	318
105	332	32
471	64	460
278	459	426
400	107	9
310	445	84
479	266	144
155	26	66
16	62	60
163	33	202
375	382	216
114	200	383
7	37	227
39	381	489
341	326	357
289	81	452
239	191	401
109	289	313
455	305	168
270	64	443
235	278	297
33	237	282
329	209	109
82	5	495
177	2	123
384	188	449
161	384	367
444	119	109
201	162	440
138	276	445
266	246	75
374	26	95
7	497	40
241	29	235
362	316	11
199	267	241
490	387	126
59	93	8
161	201	131
89	129	108
294	176	442
347	468	143
200	49	325
297	169	208
436	265	323
244	73	106
414	214	55
135	297	98
23	291	36
66	43	299
494	137	483
263	377	397
169	253	57
420	65	235
140	329	338
399	446	240
180	324	277
453	251	487
72	84	258
404	231	198
485	166	465
98	52	60
413	1	100
135	352	21
151	87	403
303	82	353
221	236	69
182	73	247
408	211	438
356	222	166
382	191	467
20	426	364
261	306	400
16	476	304
72	247	118
59	83	391
420	379	71
394	486	200
428	294	246
218	472	353
374	413	463
200	286	151
262	179	405
307	110	368
10	491	68
205	338	318
465	198	134
195	104	295
118	102	496
391	225	42
173	95	166
99	201	283
221	258	358
212	253	259
95	81	290
20	25	157
131	226	388
324	476	263
479	38	84
362	274	397
198	161	261
298	132	65
34	347	284
338	140	403
230	414	417
466	467	264
330	213	200
174	491	266
32	395	187
116	2	192
479	124	381
371	363	116
134	420	351
235	415	351
394	415	341
462	487	401
316	372	427
180	36	263
96	176	80
291	13	117
356	310	376
383	271	106
49	86	260
4	174	425
496	444	405
406	426	361
462	276	314
163	482	35
174	167	297
111	210	485
479	230	400
234	277	111
472	500	390
73	136	231
197	33	337
197	332	212
70	404	431
385	13	130
326	311	279
448	328	266
448	254	203
172	140	230
122	268	219
310	179	18
298	344	412
348	315	70
14	288	254
104	183	286
426	359	220
304	470	91
319	89	276
202	475	417
385	144	118
301	172	101
35	409	61
321	331	137
492	425	20
498	72	122
329	64	141
412	48	367
120	111	375
500	229	373
30	291	118
416	43	138
393	384	77
205	248	221
437	402	192
325	380	363
496	462	198
251	443	278
434	8	241
417	468	311
391	84	251
156	365	351
280	349	124
446	320	266
448	7	425
187	334	282
60	127	352
431	49	67
358	316	227
93	2	406
45	111	195
130	227	308
352	133	402
29	469	172
112	96	378
381	355	399
433	252	446
355	272	188
360	413	470
211	389	97
132	313	263
262	124	231
329	278	445
458	303	43
43	20	351
418	322	230
45	148	56
106	293	98
267	248	169
75	174	364
280	343	352
453	453	303
466	200	284
429	367	342
104	49	119
444	153	238
358	418	160
254	120	28
110	497	407
36	386	91
315	105	31
52	207	151
356	467	489
0	443	334
320	288	466
262	432	116
223	100	429
359	227	298
83	445	99
310	164	217
123	442	225
136	277	126
99	277	148
24	219	372
411	106	303
69	256	55
421	481	0
283	416	94
274	403	68
135	223	121
473	132	107
34	60	263
191	96	205
258	396	190
217	107	349
417	392	253
311	344	471
48	325	251
141	133	321
332	145	59
17	70	221
10	216	204
479	479	103
424	14	47
439	165	359
373	467	402
120	315	74
172	395	401
125	21	344
295	379	9
431	239	137
89	323	200
18	279	462
25	375	414
232	445	165
479	30	329
427	353	10
449	413	409
205	445	221
158	235	40
267	90	326
112	61	145
164	460	398
182	206	13
203	124	225
404	186	323
261	296	54
150	22	292
190	169	493
447	485	361
189	228	167
274	120	213
242	191	142
332	141	297
444	122	65
70	133	104
137	82	491
105	233	203
289	97	339
52	58	252
422	218	418
236	296	13
0	276	152
252	352	73
418	298	414
207	475	5
147	281	94
129	442	223
281	60	222
195	284	187
296	51	2
299	354	424
229	455	347
2	361	339
98	179	156
359	179	205
430	219	414
70	27	274
453	240	201
365	24	86
204	314	119
36	162	7
90	435	138
376	319	352
269	403	76
226	434	211
332	353	353
105	288	288
300	299	256
48	289	486
320	162	0
152	223	389
430	296	487
113	68	431
373	319	80
201	365	333
41	24	121
142	170	324
260	23	281
13	403	5
486	33	73
304	268	432
97	489	140
231	237	335
236	151	145
449	146	196
491	327	27
198	15	89
142	424	458
327	463	181
109	153	449
72	485	98
80	15	101
54	261	69
234	84	406
414	76	430
455	120	224
133	39	55
315	139	464
365	405	403
459	327	428
3	367	247
31	78	87
420	132	28
203	451	361
249	183	89
212	448	195
309	387	6
493	485	338
254	447	173
4	27	423
269	50	353
183	141	286
261	347	189
438	242	119
79	323	200
414	269	259
498	227	353
85	292	400
35	165	201
113	358	466
344	186	493
369	433	93
435	186	52
11	226	239
394	411	54
68	287	19
118	199	102
127	373	404
384	105	35
442	456	22
280	499	278
389	94	458
218	248	406
117	468	353
236	216	341
233	482	207
492	374	239
487	211	28
180	246	432
328	124	98
193	450	455
248	153	133
82	453	18
74	137	322
32	138	480
215	399	468
315	73	299
85	242	244
463	237	428
78	373	96
179	169	413
119	271	395
38	370	44
398	498	271
371	433	41
256	171	34
47	4	464
142	244	183
260	126	56
54	444	311
188	145	475
405	326	468
252	343	413
382	351	217
176	252	228
251	456	452
434	451	495
252	363	339
58	288	486
377	98	63
490	153	35
163	182	371
296	464	186
110	7	192
342	175	443
355	252	357
141	417	141
364	12	183
430	260	46
177	334	369
328	190	151
160	154	287
254	361	128
122	313	87
29	469	276
206	225	189
320	375	164
180	186	344
10	160	486
391	14	157
135	6	213
133	39	257
368	114	384
282	500	306
482	330	481
67	264	343
380	175	164
210	10	112
112	445	364
259	64	242
404	147	9
263	104	270
216	388	476
81	402	231
203	183	366
140	319	184
161	433	367
443	384	420
151	115	180
70	500	408
138	41	229
210	209	124
334	367	227
486	457	132
140	500	492
34	421	395
383	51	209
358	333	39
484	299	446
392	74	159
347	255	207
144	474	497
294	452	116
359	465	283
105	192	490
350	87	101
285	484	363
318	348	225
29	337	275
208	191	40
133	6	187
90	254	442
283	369	16
128	327	465
200	442	35
131	205	361
237	279	138
397	23	72
201	460	372
159	61	286
404	286	399
462	79	310
237	218	105
250	482	285
193	36	415
197	93	50
186	58	160
358	429	127
45	164	244
198	108	334
356	417	382
298	399	0
487	293	251
34	454	313
220	68	287
142	38	413
136	121	286
344	485	80
366	348	85
81	469	182
118	259	378
489	247	477
377	477	201
208	153	376
234	250	169
216	65	416
307	71	351
172	290	342
160	67	378
9	297	425
124	275	369
100	389	252
486	486	213
89	105	12
204	240	368
273	499	82
60	78	75
61	479	111
400	378	488
284	123	379
490	394	249
128	199	457
316	279	104
233	239	123
374	318	344
393	128	12
386	408	352
326	350	260
376	272	244
216	164	122
36	479	326
12	400	490
471	321	374
74	180	16
13	158	285
282	357	376
256	185	165
59	436	204
254	451	33
270	462	190
241	400	194
264	256	278
288	188	25
214	322	93
354	43	259
155	56	485
208	246	341
296	236	201
18	243	362
0	364	214
157	359	204
158	480	23
316	74	473
59	228	78
4	290	403
424	88	22
25	387	24
58	452	40
162	437	172
299	456	118
101	169	158
431	95	430
447	270	231
487	25	60
399	250	420
496	289	142
409	1	209
120	315	361
365	483	309
384	221	277
133	479	320
471	354	217
424	421	19
209	227	334
139	205	4
149	147	190
224	245	342
497	349	114
211	106	236
399	361	115
92	296	41
496	40	111
357	329	150
131	111	269
254	487	20
447	472	68
112	263	186
173	185	65
475	69	421
458	63	199
336	451	471
285	255	198
242	255	342
301	427	418
235	53	13
306	8	94
155	401	46
3	347	497
88	24	444
379	346	425
429	134	98
356	315	324
381	216	492
327	105	349
181	81	56
195	216	430
67	267	358
302	133	461
11	256	3
318	112	467
148	141	230
81	238	280
215	13	143
422	68	265
427	237	341
222	333	466
360	83	71
310	414	468
344	428	484
394	466	393
270	461	278
195	165	377
410	23	150
189	189	331
204	266	145
467	319	376
159	321	383
30	344	345
183	445	248
58	109	211
497	254	82
300	189	423
265	418	80
118	280	147
209	393	195
94	18	341
371	354	103
215	489	403
380	295	438
198	77	437
268	332	298
16	418	192
205	418	7
254	106	449
142	320	175
305	215	9
188	156	162
268	270	203
212	219	218
107	257	358
363	128	347
410	432	153
223	6	137
360	443	350
78	348	456
27	218	43
377	449	144
445	242	365
18	402	226
128	319	80
375	417	182
246	304	380
232	145	323
177	400	159
328	172	242
12	49	8
491	315	187
370	273	38
186	353	227
169	350	25
250	136	496
381	395	82
168	282	273
177	175	112
460	498	477
366	308	123
48	390	440
62	349	212
435	329	33
54	499	84
308	314	469
288	217	1
428	404	276
68	225	267
353	218	484
59	220	499
89	410	319
434	193	208
24	478	286
259	28	71
441	88	82
464	45	252
53	103	340
312	1	324
413	50	440
291	310	72
124	48	162
327	212	109
33	234	96
33	111	127
221	306	15
389	389	3
301	71	352
201	67	52
263	299	427
325	200	214
114	70	147
495	134	279
403	184	276
189	200	389
64	269	430
85	457	163
464	389	89
139	496	318
223	113	390
305	460	400
430	221	235
236	128	96
433	107	353
482	450	228
371	160	209
451	366	298
119	453	83
479	369	88
69	457	334
61	4	314
246	42	28
96	132	225
73	270	426
279	180	102
91	257	308
69	56	488
194	445	89
250	346	82
332	127	30
94	359	127
6	251	215
273	392	362
252	383	279
240	19	22
237	112	439
469	489	21
255	185	307
41	300	218
335	174	231
497	454	256
55	351	119
124	80	262
272	284	398
80	15	443
167	461	135
19	204	291
402	38	17
393	92	74
135	157	166
374	238	171
368	455	17
150	370	64
141	259	157
479	200	201
260	4	130
397	436	203
248	56	54
421	4	177
281	144	480
54	270	241
240	358	195
348	200	494
143	172	153
200	148	133
265	94	463
229	223	407
74	443	279
462	114	307
177	110	105
355	486	204
263	25	125
17	231	104
84	205	227
500	315	341
124	204	421
105	456	300
476	79	173
448	97	415
434	34	321
124	458	290
230	148	74
261	185	161
479	401	402
182	235	329
431	41	218
325	287	115
372	145	467
414	317	436
379	109	170
377	204	9
168	248	496
438	181	410
321	47	154
335	365	63
440	318	419
167	408	241
59	445	338
340	196	5
218	1	29
353	5	346
168	442	205
24	303	29
49	337	457
463	221	282
263	305	482
471	347	177
50	104	148
202	433	384
284	161	454
467	492	401
301	114	387
51	205	195
55	44	272
123	306	317
34	380	434
492	347	456
33	300	19
467	132	11
256	222	327
22	120	292
257	194	384
498	451	18
216	31	117
478	385	432
465	17	460
240	154	400
109	453	370
235	25	473
333	101	406
204	470	328
31	101	445
67	372	317
24	48	10
371	336	293
117	175	138
152	2	156
307	307	47
111	469	79
132	259	164
119	172	94
72	296	147
9	131	175
162	389	417
6	364	175
79	300	463
387	462	287
201	134	211
237	250	427
15	150	403
73	341	200
477	244	267
497	132	298
189	116	54
423	394	219
237	339	338
164	239	160
371	330	379
87	415	235
382	82	111
106	170	419
457	345	211
302	140	58
484	399	64
440	465	393
331	370	315
375	295	374
233	434	111
268	216	377
188	498	295
251	387	449
482	164	160
257	36	484
51	378	204
31	391	454
159	23	356
5	25	94
279	346	456
109	465	165
414	163	226
273	153	455
225	90	341
107	353	419
412	278	198
285	82	448
122	102	320
384	435	43
175	104	497
447	398	295
292	387	374
112	274	12
12	303	255
201	137	286
391	218	473
371	178	329
439	437	131
343	431	91
281	237	402
170	8	32
271	168	10
392	441	412
14	195	327
361	304	37
468	308	68
384	346	280
326	177	310
349	167	151
19	172	55
306	458	301
157	235	28
285	417	310
141	28	358
343	99	361
356	130	47
391	13	441
113	267	269
83	429	451
429	176	6
321	498	117
162	218	354
203	74	92
194	387	27
9	464	418
447	188	465
41	491	258
216	335	201
153	17	395
115	136	233
256	116	28
476	177	127
500	344	52
45	190	254
287	331	466
90	412	135
310	405	207
346	215	391
242	105	453
175	284	305
40	304	408
374	8	183
215	241	188
485	145	143
241	231	459
198	119	413
140	10	271
428	345	184
23	402	158
413	434	20
32	382	140
86	345	83
450	225	186
371	58	488
137	421	306
426	116	336
35	74	240
264	357	389
421	278	86
15	213	94
378	304	123
485	202	329
247	108	4
3	458	209
335	27	424
500	74	248
239	281	249
204	386	482
45	403	136
161	408	255
111	255	371
330	109	440
388	185	127
229	105	399
352	17	359
45	81	183
268	185	401
15	445	130
310	178	307
12	28	261
111	242	156
489	437	431
151	38	96
83	30	360
53	307	299
263	117	313
248	478	129
32	216	263
46	119	149
428	454	263
65	17	179
59	269	106
130	367	436
149	138	22
408	31	117
492	285	313
409	229	303
297	123	382
247	95	164
427	23	493
47	364	444
59	160	323
455	225	418
482	189	138
341	256	263
331	14	430
324	226	470
167	255	52
224	248	126
257	73	223
54	72	489
424	148	32
135	400	455
339	75	67
494	248	441
417	265	280
359	37	311
180	29	243
128	102	293
230	487	428
330	483	10
190	105	188
471	380	498
221	35	27
150	486	430
448	26	341
402	183	97
486	403	22
236	112	13
380	451	247
312	290	228
238	304	496
491	467	430
142	38	488
494	407	123
86	485	194
217	267	92
226	90	268
234	248	77
162	2	193
198	50	304
500	270	475
86	492	343
67	18	463
397	326	192
460	83	289
10	7	494
225	373	78
291	100	117
259	44	15
304	432	177
123	186	485
110	368	153
393	478	420
290	55	263
123	340	150
443	301	29
276	148	158
140	360	412
454	151	151
218	231	153
185	284	321
46	328	270
484	95	327
286	452	331
448	252	489
415	474	304
499	341	232
45	377	99
58	316	40
91	407	35
495	234	489
495	444	396
425	44	12
453	106	100
140	96	227
121	142	461
399	369	141
28	276	93
143	171	216
104	268	453
193	137	372
45	259	178
158	162	433
385	147	70
395	106	216
298	312	374
184	364	106
424	343	433
62	71	188
154	345	386
305	272	346
243	454	34
444	148	64
150	484	220
350	255	444
336	0	400
52	341	193
15	303	193
105	205	348
102	87	139
210	366	167
213	486	475
242	361	52
258	0	30
173	333	10
294	496	412
485	427	160
344	2	88
97	140	87
461	170	431
311	408	423
20	205	102
341	133	194
271	330	376
167	465	134
387	47	378
295	177	185
421	15	293
346	46	123
23	172	133
10	457	175
496	246	302
270	113	74
115	478	168
13	371	368
11	81	125
47	464	475
345	393	344
253	11	44
136	170	78
216	465	152
7	366	352
399	334	228
122	321	482
45	165	417
252	32	461
150	362	113
146	92	484
28	288	456
332	0	481
146	432	54
461	376	103
324	242	440
454	68	376
238	210	445
61	94	155
196	230	35
240	327	217
367	348	421
211	149	420
377	353	171
189	11	357
310	165	74
431	370	45
139	41	333
359	386	489
100	294	290
334	88	295
464	214	193
436	332	188
76	437	410
79	464	141
258	223	469
73	63	435
39	473	344
25	29	200
122	36	66
11	45	423
496	311	385
369	425	391
61	183	466
200	386	481
172	422	5
356	439	102
409	302	54
261	279	479
267	497	179
331	450	250
316	471	468
450	1	487
461	122	248
250	416	326
182	470	322
316	328	189
464	237	4
38	499	208
93	45	14
327	436	352
246	477	147
245	466	52
79	264	213
196	370	428
480	57	295
374	13	324
348	292	334
321	492	220
251	163	302
19	266	310
141	345	237
151	350	136
399	255	420
497	134	363
228	268	430
108	376	332
201	89	439
246	145	366
305	423	128
289	449	349
455	496	333
98	315	498
493	77	389
250	167	326
331	176	131
466	402	192
199	470	485
159	434	177
13	307	281
399	206	198
19	208	56
409	175	418
322	87	159
396	258	37
123	425	25
89	488	93
150	147	265
371	485	342
496	384	459
222	142	340
421	358	338
149	53	183
24	237	233
415	344	120
368	376	132
468	260	218
491	356	159
46	415	454
52	31	63
202	21	141
151	485	477
309	65	416
446	303	151
225	64	67
60	455	485
287	93	12
374	321	353
71	464	333
445	401	297
431	145	318
388	363	75
488	486	251
26	311	273
150	368	37
425	86	389
294	446	316
334	478	377
161	116	206
456	109	210
384	302	32
56	156	268
424	99	318
10	291	479
461	288	432
279	310	391
188	84	160
244	344	3
387	389	269
246	200	430
493	371	75
495	20	287
499	10	108
259	398	217
367	430	380
340	1	365
228	280	57
31	268	467
377	476	322
162	464	420
295	329	235
156	26	494
398	312	287
494	14	349
239	279	211
101	290	454
469	476	105
177	215	288
215	258	77
296	220	214
161	482	173
39	56	188
149	57	210
169	402	66
429	154	184
180	253	272
415	253	41
366	465	478
88	168	393
262	30	340
249	150	382
85	205	215
347	92	181
324	142	351
438	223	118
194	438	396
177	56	403
84	427	71
228	79	273
127	182	403
362	234	468
465	241	488
306	201	170
81	103	493
192	469	314
4	298	130
278	123	62
125	254	429
66	152	389
115	417	71
379	261	271
139	459	335
293	216	423
422	377	103
24	100	419
5	378	179
459	58	108
105	285	475
171	129	403
185	102	306
79	93	58
438	118	279
168	47	1
0	318	180
271	376	344
173	478	493
329	223	404
291	97	185
439	59	490
290	338	9
458	239	384
75	298	94
469	462	136
189	44	455
339	354	175
246	176	210
344	263	19
219	331	355
72	67	26
301	269	200
442	110	152
284	69	456
357	212	12
462	263	445
410	364	85
106	105	451
269	282	19
227	280	477
213	400	357
44	475	285
73	463	76
269	97	6
225	366	133
176	37	410
100	112	395
163	67	416
32	235	114
319	487	379
240	419	425
375	192	470
433	336	393
377	202	80
405	156	236
48	375	283
112	340	232
90	128	167
302	4	401
257	302	430
62	213	416
269	127	65
486	152	483
192	169	478
483	240	464
116	414	36
212	425	265
348	331	3
278	311	472
105	216	300
24	25	281
12	497	472
220	268	183
339	183	210
240	400	451
2	290	316
315	136	298
459	114	474
430	249	206
68	347	284
485	63	380
352	24	483
204	131	174
35	70	202
191	345	192
128	40	162
337	141	431
462	383	446
149	10	245
442	322	170
258	26	474
139	472	148
373	419	433
369	432	366
438	145	298
455	245	81
152	267	123
328	258	38
386	129	417
409	282	121
314	350	331
81	442	437
345	286	452
76	282	187
38	157	476
215	62	291
78	418	267
5	394	144
404	314	117
100	334	419
331	126	191
247	181	157
34	385	79
427	170	495
365	94	281
115	424	306
460	383	60
128	481	229
328	109	272
430	471	141
416	420	418
189	0	281
334	448	309
420	43	216
195	170	214
425	12	264
498	180	384
160	396	495
135	101	362
375	131	299
194	299	469
133	170	252
489	98	428
3	333	12
297	240	462
303	349	115
195	353	127
313	331	229
465	62	461
484	370	62
150	159	493
298	364	244
399	268	90
68	441	186
119	326	212
78	401	452
16	74	21
224	425	331
304	254	235
85	346	36
1	156	442
222	309	98
25	0	325
410	195	82
275	156	72
445	484	43
187	225	358
446	421	72
379	68	363
471	373	253
257	17	460
417	368	403
16	367	168
216	216	171
241	164	206
328	486	176
149	163	380
114	472	277
245	351	15
242	7	250
216	105	362
454	157	62
199	35	436
69	314	61
440	194	214
400	39	3
23	197	462
3	166	356
388	317	497
469	441	327
186	125	240
70	87	283
287	146	470
61	26	222
83	221	75
55	334	380
14	459	208
227	158	453
294	432	49
487	262	314
292	337	173
49	477	147
223	180	6
466	377	443
136	230	222
159	16	277
292	225	154
378	38	110
170	429	388
198	332	240
404	87	185
207	27	132
460	322	357
341	470	421
191	172	345
51	369	471
335	343	421
244	72	61
13	471	469
467	135	69
53	177	379
358	77	84
180	447	363
243	150	180
354	236	110
134	196	232
389	80	471
407	157	199
53	248	227
300	496	145
236	319	186
434	180	67
71	421	45
44	77	358
218	104	390
271	241	273
9	235	401
425	179	479
241	336	10
174	331	307
135	387	82
350	161	477
318	407	125
37	498	74
471	55	317
49	478	466
48	18	329
73	437	240
333	27	469
281	25	98
232	68	86
254	227	274
309	445	191
338	457	105
492	286	286
49	209	290
451	120	251
21	416	130
298	119	126
410	235	170
252	431	308
97	237	188
313	348	241
180	477	259
48	102	299
298	279	28
165	75	465
266	462	37
201	485	7
100	99	351
173	255	436
206	315	191
472	314	303
402	87	326
281	171	238
345	319	396
18	160	246
439	7	458
433	194	32
481	392	223
246	219	322
486	442	262
485	484	444
337	276	400
324	95	186
178	268	482
242	258	223
332	441	490
140	375	492
26	26	23
84	49	98
333	263	461
28	334	75
212	254	393
76	16	1
350	95	411
379	91	84
77	142	476
203	412	10
440	416	77
447	7	202
353	344	239
222	369	163
354	54	184
276	119	390
435	326	122
63	379	388
132	250	349
398	408	423
444	191	124
171	346	70
331	178	251
442	208	456
79	306	337
88	214	366
52	289	292
248	174	3
289	481	415
225	138	32
391	473	37
335	404	189
90	158	137
344	392	24
62	486	308
440	469	482
479	352	44
78	286	296
235	132	78
285	44	419
211	140	396
190	362	315
371	113	353
139	7	66
342	5	152
325	186	71
327	257	19
376	366	274
20	132	439
72	178	66
192	309	457
66	455	180
213	145	403
366	102	411
103	470	319
218	43	261
83	325	75
364	485	127
83	344	64
308	165	88
189	28	368
78	14	268
22	203	240
279	118	248
120	302	273
346	177	329
353	294	105
176	334	392
11	119	101
30	66	487
488	266	421
431	252	79
151	302	299
26	81	83
259	466	53
19	251	131
78	234	30
424	20	384
489	367	467
444	494	209
253	270	326
436	420	414
464	26	49
278	325	89
44	281	67
413	6	395
266	259	311
402	138	270
246	408	240
74	350	48
52	452	499
321	280	122
378	431	62
299	296	490
248	492	460
187	158	46
64	340	66
377	471	328
280	284	259
482	342	177
182	326	316
457	454	52
287	497	300
353	333	439
230	279	90
418	335	442
49	29	8
371	161	304
27	461	407
359	480	7
364	28	241
208	481	143
423	458	90
362	426	359
336	399	9
286	273	137
2	11	43
367	314	228
314	264	303
476	363	113
0	143	9
460	272	377
373	171	338
464	452	125
115	400	185
312	333	36
14	445	45
327	15	185
491	273	268
197	64	143
302	126	303
146	13	142
486	77	491
57	476	94
149	225	317
341	204	47
348	378	313
252	252	297
303	134	164
130	4	187
82	491	412
365	279	438
42	455	66
345	242	247
316	225	449
233	472	56
110	436	69
202	213	121
102	264	249
45	197	107
174	180	61
392	271	144
339	480	414
215	252	89
308	300	216
37	196	424
302	404	223
451	190	316
166	221	309
55	461	416
332	197	436
150	74	412
123	37	63
48	217	139
19	372	301
344	290	53
118	214	111
330	404	65
355	488	485
213	311	57
330	175	43
205	163	255
210	476	152
70	456	436
86	338	319
313	270	469
196	198	495
212	61	305
242	409	131
150	236	449
184	26	20
280	182	395
44	249	338
429	317	103
360	199	394
163	442	281
24	125	487
30	52	268
155	264	468
208	414	337
339	402	93
1	35	489
144	17	389
346	299	466
194	62	143
488	394	209
56	281	74
17	231	353
112	56	474
307	56	64
493	257	402
165	384	4
379	193	451
412	352	32
81	62	211
268	88	97
57	130	7
416	110	37
326	221	362
160	185	328
127	31	230
287	159	372
39	198	345
257	69	446
32	262	386
389	381	6
138	274	213
76	270	23
436	25	150
215	435	82
224	332	348
297	148	498
378	93	187
21	343	106
209	214	15
359	132	320
238	253	414
55	240	20
403	291	379
300	148	275
141	285	149
206	118	422
50	7	383
26	100	48
10	356	15
82	356	247
167	163	0
486	267	153
420	479	480
276	345	264
390	383	372
411	141	167
187	299	13
166	495	497
452	409	238
115	352	259
261	466	251
137	300	116
466	137	428
393	154	330
365	336	467
188	11	318
321	243	195
189	391	415
178	406	180
447	308	402
215	239	20
175	184	336
400	448	395
484	130	19
204	280	164
144	283	56
341	493	277
405	123	366
85	353	212
388	96	226
163	87	490
111	391	329
42	438	116
198	187	382
198	217	371
355	249	20
155	57	1
222	467	19
476	39	138
89	436	153
255	247	101
58	325	471
389	50	405
170	477	102
80	232	345
86	335	204
211	202	321
292	274	219
40	255	456
380	259	139
444	172	216
48	44	357
301	275	384
244	250	320
323	36	259
203	483	139
140	10	21
311	256	50
169	295	448
339	370	321
262	231	309
53	277	319
170	56	490
67	273	411
320	375	493
384	418	484
250	360	383
226	34	381
432	56	248
311	380	352
212	162	413
185	374	439
150	119	381
358	327	131
81	238	81
264	155	439
147	30	184
491	185	288
16	325	291
499	117	177
307	60	198
449	49	162
301	234	1
426	96	107
154	151	264
369	48	479
106	90	449
102	62	467
78	62	393
417	64	313
257	75	255
233	362	252
120	409	219
230	105	186
169	468	310
376	337	399
357	267	95
289	227	251
372	93	259
27	234	440
152	412	497
462	107	368
289	288	137
369	414	441
30	488	412
160	451	415
105	496	189
492	265	488
85	193	460
277	499	108
488	294	83
58	295	257
187	180	467
458	305	140
342	73	500
206	200	271
152	423	473
246	29	379
347	153	286
363	335	79
437	330	78
60	86	277
445	470	403
77	456	444
464	175	210
243	95	120
236	79	216
463	335	126
434	345	57
152	73	340
362	99	425
105	191	336
17	59	493
101	15	430
251	22	158
455	93	342
335	342	231
341	134	316
460	92	465
302	113	137
173	68	420
54	335	247
222	278	138
75	416	198
460	88	133
260	284	69
54	316	391
255	206	464
361	445	357
389	172	76
452	242	141
190	429	212
324	300	257
325	284	157
402	208	360
435	486	485
91	104	75
211	44	478
12	57	105
69	391	70
402	121	319
26	28	253
180	186	278
323	164	499
132	43	58
426	408	481
409	144	484
75	418	179
455	441	272
105	274	59
337	116	135
408	167	59
397	103	441
202	64	498
366	198	79
353	476	229
233	455	500
119	468	331
168	481	153
41	213	395
404	381	464
110	84	465
462	255	12
251	403	278
283	233	100
161	92	352
454	49	164
331	144	122
108	200	199
85	259	49
197	363	79
187	223	38
7	290	34
195	498	103
220	371	178
122	282	72
333	354	209
493	462	386
391	281	45
176	409	184
372	269	353
416	149	434
65	110	94
256	391	110
130	121	301
459	96	166
358	99	380
423	227	43
361	468	248
343	308	288
268	291	42
407	449	278
434	73	452
333	237	106
183	339	143
38	439	366
322	132	90
490	186	243
493	284	2
344	270	322
194	302	30
461	364	378
443	25	89
50	395	170
32	409	21
195	235	178
83	106	379
128	378	284
65	203	294
401	474	454
239	252	228
385	86	382
320	253	22
194	361	240
248	93	5
38	373	158
164	78	171
157	286	326
286	201	378
493	388	326
281	111	350
216	288	447
195	38	218
208	281	381
80	89	38
181	345	166
22	233	281
153	338	17
410	425	90
310	104	267
77	239	339
89	316	166
67	155	149
227	46	50
311	400	318
424	258	93
429	361	149
466	425	329
310	132	158
323	426	40
216	292	165
350	81	173
484	498	488
457	236	284
14	32	271
320	121	226
335	308	215
284	298	269
381	283	77
394	354	389
42	340	378
354	438	447
94	405	280
409	108	450
1	124	375
416	348	55
407	130	339
15	19	380
257	147	426
332	355	201
226	282	499
201	167	54
288	72	63
91	218	485
28	419	79
321	353	266
194	135	30
21	151	56
364	396	307
145	384	164
200	129	240
181	115	282
354	156	177
54	105	321
154	265	287
277	44	258
161	358	214
265	337	481
261	300	321
297	177	500
497	400	147
189	39	242
356	383	131
353	305	321
285	285	433
151	91	194
492	58	23
70	318	384
261	200	256
337	85	37
120	321	367
108	178	370
392	122	9
94	496	211
314	108	390
404	441	482
444	352	353
47	144	230
280	386	405
342	307	149
323	197	377
133	51	390
385	286	337
407	499	53
218	22	33
477	99	229
398	350	48
10	312	99
118	121	6
392	31	117
388	32	306
318	440	324
308	37	431
78	169	212
358	475	197
55	255	337
202	6	75
434	19	405
322	187	334
313	395	422
266	244	439
379	312	224
376	329	358
33	426	364
341	270	261
196	371	34
303	22	253
379	302	289
453	248	288
322	5	344
13	392	295
2	164	222
208	342	274
199	430	117
47	409	79
362	193	480
301	73	422
158	231	307
266	280	21
362	429	276
322	203	393
310	192	75
315	141	194
36	481	230
202	498	362
43	146	10
24	439	499
336	419	466
424	71	458
135	295	12
469	24	434
193	31	343
102	111	295
456	84	169
70	192	33
488	284	97
38	402	314
500	442	125
411	78	377
20	443	289
324	390	275
494	306	321
280	493	470
43	226	366
358	327	467
70	425	440
229	37	263
438	219	359
455	110	455
29	500	154
427	378	196
284	433	16
65	203	41
52	32	138
165	108	178
373	260	279
54	92	222
323	336	95
302	322	127
378	480	92
261	327	310
230	144	475
36	462	321
135	104	35
340	114	314
458	481	425
80	385	4
312	447	441
303	176	342
406	346	474
252	483	384
80	240	115
6	443	299
188	373	153
184	251	475
65	309	184
359	193	128
212	176	263
246	435	312
402	9	260
426	398	275
293	410	246
352	253	205
458	459	137
171	24	88
0	187	479
93	239	402
357	499	133
352	286	222
404	107	364
4	499	130
289	299	170
115	135	426
458	210	306
127	336	170
415	219	330
254	263	100
164	259	49
227	425	345
394	378	299
215	426	485
116	9	361
426	93	426
453	415	379
211	84	458
4	187	57
34	334	64
462	134	309
115	372	438
328	49	284
482	210	127
291	368	317
262	14	73
152	350	144
382	310	19
158	202	348
93	107	179
310	19	481
410	322	410
205	45	456
355	70	0
134	203	365
54	248	32
257	40	2
466	234	408
76	108	374
124	313	256
174	445	247
469	477	497
451	194	16
242	375	302
300	397	25
412	416	14
217	34	408
456	144	37
5	331	87
230	432	170
61	164	433
17	226	158
343	190	11
272	16	485
137	197	184
51	406	494
197	447	370
245	442	27
251	229	354
488	483	43
21	462	163
148	93	31
31	106	34
158	140	444
228	168	4
85	183	476
49	192	429
214	404	277
480	342	309
77	252	45
384	453	176
271	167	490
460	449	286
327	21	298
127	78	350
190	279	403
199	491	330
94	5	20
454	420	15
58	121	148
160	276	102
317	494	132
144	383	321
123	85	87
96	441	451
60	168	367
315	275	294
15	294	130
30	478	403
174	480	203
354	105	240
498	65	260
417	149	384
36	437	3
27	414	242
82	323	152
79	407	420
218	432	250
205	65	469
131	0	247
82	356	189
151	436	115
179	162	1
310	405	254
411	150	130
399	202	297
90	203	8
313	356	371
135	30	499
278	77	473
323	234	304
219	350	355
461	97	229
281	197	468
325	37	75
301	480	478
338	294	249
40	335	128
113	33	268
357	205	227
7	202	229
172	281	457
186	25	249
18	6	112
140	155	143
334	55	6
236	358	341
468	39	207
41	294	275
404	216	137
465	312	457
16	183	316
38	268	177
341	87	436
226	420	469
142	87	380
15	189	178
224	209	332
252	201	437
348	382	17
56	18	278
307	377	165
299	241	283
439	284	133
83	131	302
193	307	422
352	96	479
389	175	90
45	268	483
290	58	395
222	300	245
195	236	82
255	199	482
378	232	325
224	60	41
237	76	3
396	259	26
206	22	433
410	328	216
410	200	340
413	75	395
241	170	353
382	235	35
70	430	189
391	257	358
151	101	109
10	216	96
102	315	139
140	123	299
434	228	119
233	402	332
129	242	178
134	391	102
372	179	12
262	114	215
340	66	472
2	111	130
476	52	225
105	369	205
103	471	194
328	214	22
471	174	207
387	358	389
295	368	302
393	149	327
188	22	246
471	306	269
155	486	35
413	10	351
250	251	215
20	60	425
77	362	400
165	77	496
261	365	431
34	306	210
311	323	490
380	342	184
224	99	219
123	478	380
161	258	402
401	3	383
353	140	122
186	493	411
399	177	275
132	21	258
465	342	234
437	118	442
381	29	246
485	319	478
455	311	282
277	143	121
266	376	376
253	158	271
216	292	342
409	68	482
184	296	204
185	127	396
103	486	356
141	86	45
426	14	365
121	401	145
456	277	406
458	180	84
132	139	216
494	436	18
43	459	437
112	213	11
146	47	298
137	179	80
28	138	62
457	143	464
265	422	453
239	303	402
214	139	415
264	67	185
387	474	431
423	143	457
470	70	61
271	492	296
423	374	219
48	456	42
224	423	354
209	247	256
413	103	267
487	163	33
215	218	161
397	81	160
164	84	396
134	298	352
71	361	494
420	382	425
272	71	230
102	59	334
195	14	421
491	486	17
212	318	14
387	414	265
361	175	144
198	370	119
12	123	248
293	113	20
3	177	21
21	296	325
58	420	203
495	167	415
181	250	394
484	200	499
180	28	96
222	259	482
353	343	382
466	168	284
453	471	370
453	372	473
132	304	296
42	443	35
69	85	210
336	32	307
137	286	331
478	494	30
420	240	178
20	145	297
204	327	58
221	410	160
141	225	111
93	252	219
275	120	455
14	284	210
130	391	64
121	155	3
301	131	468
213	464	102
428	468	82
442	358	182
251	263	491
228	346	263
239	249	359
316	421	241
120	402	123
48	134	21
115	464	65
388	44	188
48	115	57
394	256	124
178	453	165
77	4	156
394	431	11
353	440	411
428	279	183
415	166	202
118	313	105
206	440	157
395	182	493
259	99	269
13	178	321
347	379	454
317	45	10
151	338	394
494	179	88
77	496	473
38	386	16
146	117	212
105	343	310
117	133	142
53	184	381
313	468	247
346	305	159
278	29	165
443	167	384
83	101	258
247	83	235
478	483	311
195	239	438
352	347	486
488	350	397
3	161	107
400	313	7
333	388	345
358	422	119
67	227	428
362	166	394
198	202	410
286	200	207
133	28	107
268	54	218
276	75	298
296	109	385
440	75	359
179	162	493
239	473	82
298	241	217
436	176	132
329	84	63
100	330	354
494	401	374
258	321	162
463	58	280
361	232	320
136	447	25
321	186	79
84	293	84
461	7	465
174	475	421
72	229	411
113	403	286
188	87	261
376	78	358
382	305	456
101	261	194
2	16	69
137	482	347
490	320	177
432	437	229
47	378	259
444	219	477
114	279	400
413	461	461
406	79	372
176	488	407
325	8	206
169	285	136
266	255	107
406	192	189
268	59	336
435	441	38
342	142	463
310	172	175
436	280	262
232	458	444
214	23	449
14	152	318
441	272	113
94	171	341
179	111	425
417	291	433
227	146	65
297	273	168
402	435	27
416	132	435
376	157	289
493	152	64
143	465	202
204	252	75
282	344	31
409	218	97
248	190	489
438	309	13
358	356	107
76	386	13
54	351	218
148	107	260
160	38	396
275	271	359
80	224	141
479	386	278
335	470	306
127	407	443
184	423	134
324	45	360
427	205	281
493	59	84
70	343	5
134	221	73
232	265	166
3	392	194
250	291	287
124	390	424
500	258	211
402	120	41
105	58	193
212	266	69
408	49	195
123	265	245
240	114	422
394	175	396
332	37	361
236	432	344
163	323	238
391	296	11
282	474	317
196	334	41
85	256	27
417	221	17
156	284	378
418	384	259
324	243	468
398	307	175
304	199	325
80	59	220
389	307	190
74	393	133
266	473	451
15	40	122
22	219	200
386	37	127
158	436	394
95	312	293
239	379	3
150	26	29
470	112	265
282	28	429
97	151	152
474	241	55
352	90	371
415	369	238
123	314	314
124	64	406
63	133	483
403	36	41
73	343	101
349	8	96
262	89	452
54	273	74
292	66	402
118	447	340
26	492	166
472	118	334
440	364	405
86	203	487
358	344	338
100	436	1
360	240	433
124	302	479
230	477	243
289	133	185
65	306	97
139	210	232
107	297	466
217	239	54
98	37	314
153	108	453
385	295	449
453	206	311
108	112	141
288	442	169
400	386	231
242	186	31
157	105	424
158	247	226
276	327	46
250	226	15
12	387	219
158	249	139
49	340	96
322	475	211
250	342	319
471	499	383
179	181	282
431	73	317
65	332	185
216	25	311
139	6	420
425	489	275
456	228	359
250	374	237
241	239	262
374	109	476
457	75	462
457	429	340
491	436	411
35	306	188
12	225	351
178	338	26
200	46	434
359	416	337
291	377	287
395	295	119
227	169	28
76	18	69
153	212	175
387	425	214
374	39	467
393	64	333
496	499	137
153	370	453
471	211	78
178	249	484
244	227	496
433	292	72
200	87	370
399	321	489
232	485	111
370	383	120
161	173	244
112	86	450
435	129	256
490	66	44
33	11	478
7	495	275
367	118	179
442	153	263
211	410	365
472	495	369
77	382	446
247	152	25
39	220	357
361	361	211
292	41	426
310	244	131
191	242	65
119	14	465
253	255	154
402	392	207
98	193	35
222	448	22
266	433	268
306	266	266
399	167	57
420	199	291
105	403	166
90	101	133
20	437	493
57	19	16
345	30	315
496	367	407
22	368	212
245	125	413
173	481	410
386	486	397
430	191	99
172	493	63
229	148	350
410	224	0
126	129	406
339	204	37
148	208	24
224	328	373
356	172	323
197	417	417
17	372	73
23	137	425
273	31	414
260	28	402
424	471	179
458	437	76
201	279	317
336	155	313
122	151	415
431	356	458
443	167	291
93	105	49
158	177	10
181	317	317
151	95	274
145	375	162
133	156	89
46	315	201
165	355	235
29	442	368
153	267	348
416	370	417
138	134	29
65	418	290
4	55	29
407	448	421
458	390	2
179	348	404
38	202	122
40	116	388
187	305	490
38	6	86
183	44	244
406	347	404
459	395	295
312	62	228
453	396	9
230	75	83
53	267	300
257	88	294
10	295	124
322	387	149
146	491	167
453	119	298
469	481	333
164	246	93
117	200	358
170	62	467
216	198	305
25	47	325
147	176	304
497	78	459
496	307	150
341	165	192
327	68	276
24	175	128
452	254	307
286	264	210
314	324	156
397	224	390
114	424	314
435	12	262
443	352	335
2	350	8
11	413	465
414	235	58
41	373	364
177	108	174
496	488	224
232	192	381
340	332	203
273	199	341
18	75	357
59	174	279
350	87	136
363	460	466
172	383	0
115	287	402
315	182	491
440	19	474
229	288	328
27	174	273
14	286	287
285	420	173
91	285	351
499	154	360
166	351	188
134	417	282
270	81	57
109	50	395
37	155	292
291	363	88
430	242	129
361	401	251
232	246	182
264	281	367
158	394	72
189	180	148
216	494	353
448	249	92
198	380	157
268	208	146
135	51	51
327	427	402
29	127	473
160	165	288
391	214	432
22	452	193
372	465	142
377	285	459
342	315	33
494	354	324
150	128	124
32	277	480
443	409	348
417	36	384
131	173	51
291	170	278
204	260	25
149	350	80
321	73	62
105	96	371
395	26	153
74	350	483
417	484	344
299	256	320
132	306	447
209	439	440
81	247	218
246	128	125
443	196	19
331	180	18
247	106	423
52	391	409
366	139	340
422	260	118
415	84	328
328	249	185
9	236	246
24	348	79
473	3	378
253	486	263
178	125	355
118	237	292
79	113	60
82	213	497
43	225	229
75	308	406
287	414	219
474	483	295
177	96	333
328	73	198
107	402	127
81	421	31
202	380	180
298	162	199
76	107	357
441	186	454
155	9	168
263	91	366
14	169	258
228	210	189
423	236	112
236	352	444
499	197	493
128	444	8
277	231	446
403	328	449
390	175	22
412	385	421
10	271	203
488	116	164
266	225	82
112	311	9
478	260	423
181	122	97
199	203	168
16	183	388
83	107	362
443	194	278
222	328	295
197	146	129
91	133	240
72	367	71
203	106	363
167	314	186
238	42	478
376	214	230
332	369	281
39	334	129
72	33	55
17	392	329
403	89	409
45	158	30
9	118	185
444	421	448
498	145	334
158	314	178
234	375	278
141	33	310
184	27	330
143	47	255
438	77	390
107	457	326
331	475	6
412	128	253
243	146	448
239	117	35
497	167	74
