95	434	419	482
448	259	291	295
159	55	32	373
97	257	390	125
188	70	68	407
329	320	97	260
52	231	372	371
139	277	394	456
360	149	246	362
245	420	104	408
275	465	493	140
123	239	249	63
413	180	497	486
43	469	463	487
439	4	106	310
365	213	65	462
109	231	285	396
205	355	255	435
171	5	112	147
20	489	416	173
482	318	199	38
301	287	223	206
418	483	300	403
234	422	336	497
81	337	195	18
372	146	342	180
475	499	254	450
428	259	192	480
430	156	384	366
289	400	459	375
76	472	289	131
230	229	239	113
2	190	411	447
222	254	35	135
176	313	102	383
183	383	192	144
12	274	185	332
405	316	114	477
15	209	16	389
398	417	318	486
348	264	100	371
83	278	375	312
48	190	258	456
147	55	257	121
279	31	117	369
298	414	205	368
463	30	315	44
67	443	167	321
324	280	457	58
398	13	341	341
18	95	376	215
268	371	128	199
235	357	24	123
205	326	450	209
166	327	358	80
314	323	70	116
431	236	384	180
102	152	122	381
247	380	51	489
248	61	435	49
75	210	333	208
448	1	262	433
83	190	388	384
493	24	309	307
112	57	427	225
398	2	395	494
420	388	61	460
402	69	261	365
289	20	236	332
105	487	347	337
26	377	78	36
103	235	203	121
119	328	313	264
120	100	344	449
453	406	174	429
85	393	184	135
245	52	372	84
95	479	284	205
65	276	8	82
219	476	187	334
151	283	261	467
395	485	107	43
298	457	214	41
133	496	74	54
394	98	175	244
313	332	34	449
182	296	12	280
461	354	46	286
284	399	23	84
328	451	315	478
188	233	231	429
441	61	255	432
300	70	97	373
35	297	285	5
1	197	181	444
205	437	458	370
168	244	370	27
111	343	414	298
377	82	105	479
245	49	380	233
446	412	250	369
295	129	66	463
109	165	388	317
144	13	305	397
91	66	310	392
97	94	119	385
500	201	60	259
420	385	28	366
62	68	492	393
310	386	402	83
39	123	17	169
481	311	463	223
249	409	73	136
226	423	395	48
253	64	52	175
445	78	227	231
435	106	461	344
485	129	290	277
71	172	328	365
493	138	432	341
424	159	353	371
91	233	446	408
314	5	198	415
199	249	252	143
218	354	23	458
380	7	250	258
333	177	314	316
392	274	230	144
33	312	299	55
171	35	208	173
56	156	361	43
25	68	442	388
75	428	450	253
468	128	468	425
106	341	433	272
340	500	354	415
7	111	142	332
162	89	461	386
269	325	336	48
148	81	268	331
445	483	19	294
293	167	370	68
276	159	25	450
276	388	418	186
455	177	28	261
285	359	322	455
93	124	50	418
198	340	436	124
24	491	2	115
474	97	30	171
332	348	29	327
306	291	429	155
284	153	281	253
425	445	170	244
69	74	463	78
30	126	2	201
265	204	148	472
111	429	196	258
351	66	380	461
159	93	314	280
82	331	83	466
252	225	401	283
10	328	439	495
283	483	398	33
94	270	84	145
439	273	100	265
301	404	461	133
36	460	394	383
322	447	395	422
254	255	402	156
258	454	346	385
386	71	141	63
207	455	38	345
322	235	152	71
247	342	166	29
418	367	42	179
329	113	15	171
174	2	325	454
456	4	374	317
436	280	346	22
29	446	357	71
479	338	324	353
26	108	426	416
58	472	257	276
477	12	428	49
417	320	14	359
149	265	500	466
445	31	419	210
245	47	226	457
458	288	283	486
99	404	287	218
77	455	161	0
394	21	366	317
98	443	56	442
153	169	364	423
494	282	269	389
205	20	33	481
116	206	434	214
352	482	285	377
392	239	144	318
217	29	166	256
408	69	463	139
478	26	324	474
471	410	445	87
292	243	184	250
32	387	238	146
150	363	342	320
142	43	290	50
15	261	57	469
105	363	89	443
337	85	278	419
164	350	3	205
269	202	494	145
421	411	379	341
269	36	178	20
433	200	25	42
362	25	396	373
185	90	155	333
259	472	353	471
275	225	298	238
454	340	202	260
199	454	137	174
347	350	350	190
499	484	165	165
347	347	249	437
309	363	174	14
265	147	189	265
483	246	484	373
481	265	111	415
434	106	302	115
393	447	199	389
338	60	128	165
387	123	233	208
304	421	125	73
250	85	282	210
448	157	392	443
375	126	260	341
138	412	357	379
218	37	217	7
165	478	170	263
149	445	86	156
171	37	115	473
278	312	25	452
281	423	385	409
148	203	79	46
80	318	237	361
77	400	92	217
101	167	308	37
455	19	216	275
118	450	53	152
348	100	431	287
267	349	188	220
198	454	53	355
39	389	201	85
34	98	135	2
165	52	211	338
454	491	485	293
236	166	254	446
389	128	59	197
394	138	298	385
41	96	173	321
165	25	128	237
304	380	392	414
297	171	453	184
147	191	226	444
420	28	78	423
314	147	405	286
398	271	386	161
89	452	170	28
447	185	380	341
184	423	344	315
212	167	459	405
369	157	252	335
1	168	494	272
333	370	72	433
104	272	232	170
422	435	210	441
412	125	114	9
276	331	25	252
369	400	206	420
164	482	431	352
478	331	353	183
366	206	139	365
437	66	214	373
444	236	421	286
72	209	390	231
354	265	423	20
179	120	91	431
361	232	286	162
322	391	483	198
393	27	471	349
8	218	310	396
390	316	133	94
115	442	67	332
313	358	172	86
297	229	13	151
378	114	11	497
327	152	220	364
380	187	263	141
79	487	357	100
441	68	308	82
473	336	337	243
466	155	122	115
182	31	233	33
150	498	488	439
417	40	6	369
148	329	500	279
104	218	364	396
344	139	118	490
455	4	231	76
234	382	281	437
151	114	325	408
54	346	192	443
153	435	1	394
170	295	341	187
490	354	21	479
103	360	405	137
376	482	247	469
134	352	434	207
53	318	195	254
380	384	28	126
364	212	491	225
20	90	343	482
303	374	16	393
168	81	437	259
398	265	312	383
346	352	239	414
12	485	497	436
411	222	406	296
257	147	324	205
322	129	452	364
249	76	70	168
30	70	77	259
129	301	478	305
128	0	144	366
399	206	43	341
265	418	224	498
361	57	257	274
217	356	41	173
300	257	147	274
343	169	136	256
406	371	101	284
215	63	439	428
99	176	158	40
488	338	447	183
446	415	121	169
418	102	112	463
210	272	286	432
261	258	262	96
366	130	384	248
337	319	448	473
18	171	495	67
138	490	143	32
493	160	190	73
52	494	356	139
316	449	438	124
412	391	420	482
310	195	130	225
264	151	210	293
407	358	326	471
44	60	399	376
444	89	327	44
185	367	2	51
160	318	115	260
161	68	47	42
74	184	246	37
276	157	300	239
73	484	467	297
355	243	150	444
191	429	41	75
430	192	13	433
377	420	261	155
341	449	392	5
271	128	129	361
322	255	68	123
346	457	345	447
31	137	333	77
193	344	87	96
156	124	115	295
133	78	254	121
500	267	271	311
10	413	340	157
413	391	391	333
123	487	154	166
265	389	306	56
74	254	477	299
338	413	259	187
60	282	190	178
321	391	404	284
150	330	296	141
473	493	115	227
122	462	311	338
40	34	135	59
442	396	433	452
343	490	160	128
450	348	420	204
39	84	150	113
341	419	192	273
352	242	392	373
354	229	80	284
367	454	488	166
5	378	121	483
117	500	267	343
371	484	480	345
415	193	142	260
34	246	93	77
60	492	210	154
126	413	189	215
262	477	248	204
478	240	444	180
76	298	214	142
45	53	129	360
145	11	453	288
75	196	373	134
107	149	30	422
361	296	232	260
314	120	376	144
410	168	370	276
216	465	278	396
182	319	205	184
213	74	109	229
3	144	34	387
151	476	250	453
491	25	465	365
291	267	108	180
240	78	359	428
239	133	132	415
463	200	388	229
76	428	46	413
245	487	326	354
296	180	237	215
360	206	46	309
280	153	400	419
100	138	177	279
380	141	498	174
399	448	483	40
130	424	231	290
436	82	110	75
204	463	405	386
67	78	358	10
420	37	116	157
428	40	51	388
3	94	28	420
175	117	118	202
388	128	342	207
132	129	212	446
26	259	184	359
328	66	214	153
45	326	267	291
68	337	131	291
62	124	428	25
460	446	282	171
173	113	322	49
184	379	387	393
400	123	29	347
388	306	11	17
213	207	465	238
437	296	198	26
135	441	183	359
167	59	174	369
195	254	241	106
23	352	443	449
260	325	376	143
438	357	203	228
420	186	204	466
33	165	352	65
392	24	380	16
111	256	152	294
316	279	401	278
69	444	74	164
69	287	197	249
371	23	441	355
347	166	261	428
259	292	9	477
476	250	292	333
195	114	283	178
146	28	66	226
385	221	7	165
47	326	463	1
323	142	458	93
105	55	493	131
80	491	143	80
331	270	348	291
496	137	453	461
307	201	368	171
210	491	113	346
219	482	354	154
134	225	423	162
492	208	190	203
6	181	153	114
131	440	339	470
118	217	257	34
316	467	283	66
377	273	220	184
345	474	491	297
174	338	163	208
94	155	432	496
486	471	412	295
382	182	44	7
105	63	78	218
66	392	226	360
91	348	323	495
471	97	104	485
141	173	152	379
336	355	19	407
33	404	16	66
121	413	420	497
494	278	339	368
188	140	150	362
33	48	299	439
345	125	272	48
486	299	388	376
237	300	448	297
353	81	311	436
224	487	210	260
295	238	426	178
36	245	214	3
441	480	59	13
355	74	227	58
489	176	302	79
99	45	295	311
234	130	251	171
301	93	184	220
229	122	447	97
375	134	286	414
469	8	356	342
6	133	498	288
100	51	479	393
332	58	279	98
458	336	394	432
485	173	173	427
237	202	331	405
304	120	485	367
124	473	311	375
429	2	1	250
485	158	410	246
351	490	332	312
255	303	194	108
166	384	186	76
46	111	109	209
67	120	72	470
163	484	109	256
414	267	177	55
238	221	92	179
161	307	340	27
77	213	94	240
167	469	256	85
464	427	408	358
237	309	273	41
475	85	367	222
172	466	276	179
82	392	43	254
255	222	142	457
8	244	350	268
138	232	134	134
146	44	274	482
85	328	114	458
462	148	277	124
226	324	308	429
319	251	399	273
373	15	91	313
195	416	263	92
27	491	106	46
488	283	30	176
237	192	330	443
479	220	376	165
0	234	86	187
372	218	165	449
41	261	253	137
188	485	453	480
89	319	215	182
238	316	256	126
434	328	147	241
350	187	214	340
124	316	406	300
111	219	78	406
11	339	449	402
204	54	22	40
500	249	164	142
210	333	35	109
147	115	95	175
258	199	476	413
23	429	128	47
455	234	286	287
478	220	384	298
46	40	292	135
85	325	315	368
456	124	91	174
184	35	65	320
182	423	183	241
177	253	345	154
188	278	416	14
276	271	23	444
253	1	152	28
329	247	4	98
407	195	190	466
6	346	393	266
160	247	194	109
129	116	172	373
467	476	313	454
240	475	476	455
46	237	78	391
15	175	28	13
353	95	459	35
259	236	464	349
471	492	379	355
255	13	296	276
178	15	176	481
334	488	383	374
439	451	180	151
107	80	95	185
35	259	111	10
38	452	325	350
191	483	164	212
91	437	294	335
141	417	303	362
84	453	399	274
304	266	372	452
347	295	423	218
34	430	342	456
48	81	174	146
182	247	10	170
196	333	466	346
470	482	337	68
41	170	6	442
455	262	464	384
311	108	418	74
401	140	470	446
364	212	184	348
373	387	182	217
45	44	85	211
279	57	210	156
384	94	216	166
101	106	86	442
343	62	172	341
169	249	403	469
414	378	427	276
28	305	481	280
492	266	263	429
48	448	420	33
324	97	143	477
239	251	170	168
316	473	344	276
388	334	219	165
54	130	21	383
405	377	374	386
48	352	57	255
13	49	251	41
29	60	181	11
13	228	331	191
228	38	246	88
277	4	322	407
358	107	193	182
176	331	10	391
174	176	81	246
469	442	472	216
60	105	407	352
373	427	292	100
389	91	310	31
129	198	83	444
306	273	72	39
461	176	337	476
10	383	18	198
164	287	27	14
72	138	319	265
297	374	386	398
302	99	500	157
144	327	203	245
475	470	34	139
207	311	204	75
329	274	451	31
10	271	266	441
102	43	437	63
11	347	495	318
220	187	178	230
136	77	181	448
313	191	104	184
45	191	93	10
440	417	297	473
411	128	485	205
461	239	412	251
73	211	315	278
35	118	232	346
413	497	401	168
368	196	33	212
222	65	184	423
392	446	368	487
444	144	470	360
195	209	179	348
66	292	41	194
113	247	390	299
249	221	251	178
165	127	389	274
221	465	468	123
218	234	48	0
332	141	71	161
11	385	388	63
265	82	320	318
451	104	306	413
253	52	378	171
205	40	357	228
168	467	492	371
385	98	74	294
418	90	495	208
445	177	200	15
475	217	137	75
52	447	108	352
430	99	314	4
179	447	293	282
129	252	123	202
138	0	363	185
299	162	484	472
134	364	12	262
96	376	61	114
399	256	238	426
439	163	74	293
374	149	240	206
227	428	115	13
500	132	483	115
278	156	450	52
195	40	497	158
427	410	165	216
203	7	101	188
134	61	452	193
184	77	269	220
128	163	271	374
120	496	239	466
77	267	150	75
305	198	275	456
248	105	19	57
122	429	401	278
138	200	314	390
174	87	103	228
87	91	445	193
257	237	242	301
231	492	294	290
213	244	435	212
249	99	10	295
256	26	43	71
83	283	78	396
433	123	43	398
135	347	312	206
377	425	103	328
265	405	278	443
441	372	115	75
148	205	97	328
381	35	141	203
236	337	129	153
276	17	311	483
267	397	496	104
257	290	399	156
94	467	75	342
139	140	449	217
185	84	350	298
246	130	74	10
88	401	405	34
352	446	327	97
405	413	406	401
174	68	195	393
29	244	11	7
122	486	31	402
60	315	117	274
12	453	139	233
357	436	50	193
400	166	312	187
376	202	479	118
369	15	194	207
162	336	489	65
377	122	144	100
253	152	199	215
313	268	124	297
159	234	261	132
480	103	151	180
223	117	198	260
84	18	324	165
404	136	307	245
98	351	388	164
165	43	196	125
432	443	100	80
112	253	353	18
443	364	184	359
436	29	36	14
332	200	72	330
373	320	182	259
13	447	459	241
186	491	458	476
120	242	277	447
123	490	49	471
419	428	457	442
92	411	279	331
491	29	14	189
142	94	9	267
114	455	59	370
342	167	184	280
485	143	378	103
38	185	275	67
456	9	30	168
327	343	194	38
154	200	231	145
226	186	253	353
414	204	212	286
385	1	234	247
358	291	190	44
429	484	134	166
220	388	171	94
291	435	380	457
261	28	43	181
366	290	69	64
321	155	15	283
98	389	208	244
4	428	49	393
89	196	49	432
346	192	337	388
357	273	243	75
43	217	128	376
41	349	19	264
290	93	53	165
220	211	412	474
461	145	147	182
205	152	74	307
107	357	296	276
486	442	381	343
39	170	324	184
387	290	329	235
288	289	117	406
209	334	285	395
245	444	8	357
462	360	166	248
163	153	354	448
153	127	473	386
480	497	91	3
23	189	388	255
217	98	343	165
292	500	472	377
78	478	143	159
469	328	50	449
316	440	20	124
481	314	309	459
1	70	184	180
471	135	2	32
223	176	421	138
428	437	388	289
359	111	257	10
409	193	430	420
324	320	40	395
440	205	343	399
437	388	196	144
375	164	440	70
57	364	368	61
251	447	80	352
362	394	432	375
38	238	163	409
113	474	174	370
422	280	460	295
207	9	356	285
63	302	171	8
231	293	284	378
410	282	496	254
389	129	227	201
252	40	458	213
276	49	350	34
6	16	437	248
268	312	52	213
3	460	58	491
285	446	453	375
116	497	359	71
412	422	221	269
480	62	476	197
496	202	138	96
170	154	319	235
25	130	391	484
267	234	218	199
193	133	260	42
354	418	171	55
248	393	196	89
63	406	9	485
414	303	132	192
376	140	417	342
458	471	343	23
455	41	135	96
275	422	301	452
70	78	177	317
180	175	442	136
426	19	253	349
347	298	324	406
101	16	300	357
415	256	401	176
244	355	256	468
474	87	428	133
206	343	143	46
284	171	135	80
338	171	139	26
421	117	426	93
397	160	191	211
100	176	65	157
185	22	485	212
457	34	405	329
131	251	161	266
50	493	355	166
39	45	59	301
2	16	248	318
310	90	442	30
61	366	390	331
413	338	413	297
111	363	206	440
321	490	335	203
40	411	334	462
68	459	18	290
493	95	331	396
25	173	419	134
189	244	411	18
499	228	284	493
126	195	30	254
488	144	445	309
103	340	163	349
478	370	1	345
122	286	137	111
343	217	241	93
274	119	422	85
74	187	233	166
497	4	213	450
211	118	393	159
445	11	365	122
47	38	357	291
301	394	158	194
299	458	344	190
194	166	4	172
244	163	60	437
409	266	257	257
356	310	180	473
390	288	480	206
186	333	306	331
112	57	286	187
440	54	166	444
110	469	67	80
289	130	164	74
62	339	295	306
473	112	114	386
123	22	270	1
434	459	17	329
461	366	497	485
176	202	440	396
3	91	115	243
211	333	276	184
393	319	481	428
317	349	109	264
480	279	471	149
239	31	396	297
104	452	257	243
484	212	332	149
218	275	176	14
107	316	303	290
250	429	135	140
476	281	150	404
262	496	463	22
48	308	126	271
229	197	178	364
355	46	276	310
184	29	61	319
423	290	138	131
391	108	489	163
141	222	365	281
43	375	106	194
318	257	322	320
294	52	318	305
75	285	106	299
304	390	151	253
39	87	303	373
462	191	243	375
166	416	187	224
138	490	420	154
129	53	91	307
80	469	93	166
278	443	361	109
32	271	64	459
418	439	438	499
383	158	156	230
186	425	335	39
158	11	287	332
465	58	205	26
200	301	52	467
488	160	214	310
447	265	78	409
332	129	459	49
53	275	462	397
128	366	382	318
7	72	136	308
267	193	401	185
319	148	75	150
31	66	251	435
42	156	374	303
289	11	464	0
382	88	107	379
247	222	478	119
360	76	26	237
208	62	248	254
235	134	265	232
404	474	459	119
239	462	129	100
493	422	345	295
298	117	152	191
100	259	326	81
377	124	90	43
454	190	170	307
329	409	239	343
76	236	178	104
211	308	187	449
439	472	183	379
198	376	246	111
346	234	145	240
333	374	93	214
345	177	273	351
52	50	144	207
184	66	66	201
4	205	41	87
304	400	62	104
275	486	307	15
288	189	410	267
113	333	248	28
191	490	222	185
308	325	489	168
55	417	470	122
214	38	159	98
426	57	387	385
304	351	499	127
398	439	371	124
415	292	172	363
165	478	191	1
436	267	56	431
332	38	97	77
221	285	376	117
421	349	353	406
254	466	270	356
74	267	248	408
312	153	116	72
443	58	186	277
190	306	147	10
264	12	413	136
458	229	310	393
14	234	33	285
119	362	333	74
70	39	370	460
81	391	403	349
373	337	435	387
359	94	494	60
128	139	42	218
20	181	48	452
91	24	279	488
446	167	148	456
356	86	332	106
298	92	481	295
64	216	286	307
324	463	348	366
271	329	394	473
346	190	444	384
168	64	127	56
468	472	108	180
144	424	142	271
429	122	151	397
49	8	0	150
110	373	73	290
152	241	28	298
36	232	195	115
235	254	469	253
445	468	38	117
344	234	237	157
88	93	335	154
15	58	427	12
292	428	480	470
163	99	358	354
25	58	159	401
450	131	157	324
311	273	293	275
269	381	150	399
135	266	413	180
310	143	452	275
79	320	469	290
370	29	459	407
296	369	150	322
345	165	115	483
36	144	80	266
256	141	322	84
140	143	498	312
148	62	257	323
197	151	264	75
476	219	311	308
175	197	345	215
481	487	124	135
344	317	479	176
111	12	450	135
294	4	334	176
92	242	481	366
275	213	218	171
98	83	338	84
196	258	215	227
123	467	119	182
40	252	89	277
456	128	318	183
103	8	404	432
350	171	445	63
40	457	345	349
131	100	127	402
101	168	372	488
432	499	270	56
44	479	13	15
441	96	295	451
305	30	118	189
337	344	140	319
397	484	207	25
134	40	327	249
123	178	139	449
351	274	274	252
22	473	131	249
10	262	231	87
306	379	321	266
415	465	427	144
307	316	495	441
292	498	187	370
26	232	75	474
494	289	243	276
380	176	260	337
309	70	98	304
443	11	78	485
401	157	92	289
239	402	23	67
470	157	352	492
268	418	215	5
392	300	464	261
488	110	441	109
61	47	194	170
399	248	185	402
338	288	356	276
331	362	161	337
40	497	4	115
238	470	235	442
75	8	75	381
282	492	421	248
217	340	236	335
153	305	160	378
250	25	161	69
333	98	134	478
267	106	458	310
15	295	275	483
443	94	344	426
93	433	270	46
225	499	261	89
302	346	15	453
277	98	122	398
468	125	3	326
466	76	148	398
470	500	461	126
145	417	116	476
0	50	286	312
470	379	94	48
472	81	176	170
8	329	269	94
27	200	189	228
372	67	227	407
75	138	439	159
40	56	104	122
447	308	112	2
199	314	349	339
82	183	196	390
465	262	425	57
272	362	84	32
269	230	243	93
482	312	138	238
169	294	140	496
53	204	180	276
265	55	497	458
20	78	494	174
446	60	194	404
186	498	171	254
487	215	215	129
263	119	239	90
274	38	4	415
395	78	14	293
29	492	183	201
330	467	159	375
65	429	310	65
276	360	17	249
322	87	235	238
236	30	300	359
123	495	365	172
475	140	390	61
456	447	14	441
49	381	410	375
274	279	268	308
199	210	132	466
206	257	26	280
173	425	375	334
288	466	361	323
343	315	369	289
440	22	440	128
44	351	182	177
282	403	454	99
399	453	378	468
216	178	178	130
413	289	346	3
51	332	242	486
309	107	279	115
340	13	319	377
35	459	494	323
272	85	123	311
42	273	118	11
428	256	372	59
262	43	288	142
306	386	462	172
424	478	452	453
156	197	285	292
84	142	295	220
168	34	343	344
490	127	42	431
488	365	280	246
197	461	215	431
199	35	303	249
105	193	202	384
320	89	485	446
357	441	64	381
367	363	428	79
71	230	462	0
440	487	154	62
456	179	121	105
108	367	119	31
401	84	74	279
30	348	108	320
220	272	122	164
132	224	34	386
417	174	465	278
59	236	454	328
258	125	36	215
103	447	493	122
305	432	458	107
424	348	489	2
475	305	378	137
153	91	375	354
445	58	427	77
491	97	418	4
474	44	284	155
27	197	233	281
135	214	22	79
48	394	461	129
443	321	25	302
248	309	198	397
241	389	337	48
223	64	54	343
430	372	430	192
133	368	147	29
132	53	485	140
419	153	298	125
111	321	398	34
11	64	277	302
107	250	256	256
334	439	84	355
76	329	76	11
349	136	56	236
68	137	64	115
336	32	280	276
117	9	484	112
270	494	82	175
227	403	372	464
74	68	414	96
416	488	117	48
259	191	343	395
335	322	77	38
451	3	62	71
76	94	393	460
230	226	492	39
186	180	460	403
193	483	132	357
203	175	271	478
309	480	75	336
452	239	317	394
402	83	320	218
93	86	388	394
457	229	256	451
206	274	177	407
316	175	246	426
130	275	189	190
470	152	14	218
376	84	468	109
271	352	256	305
73	122	193	80
25	106	391	298
463	185	84	480
367	299	462	484
463	31	247	247
417	139	493	168
181	382	111	231
16	173	308	326
82	240	71	389
91	224	388	310
393	175	285	355
288	156	220	333
450	269	421	119
460	186	290	30
97	171	324	435
219	237	434	258
341	123	255	252
366	443	198	6
422	357	250	305
354	75	442	56
488	134	347	282
393	9	7	261
346	143	237	101
193	334	239	200
222	156	372	66
453	75	338	83
281	113	499	44
23	265	357	22
371	124	168	354
489	24	56	159
183	196	337	112
493	115	158	70
232	499	93	115
334	233	139	440
484	485	54	408
180	8	233	137
443	423	112	472
193	321	417	133
36	361	124	82
470	88	195	347
147	488	197	119
90	456	73	297
8	246	112	490
416	146	167	417
178	210	25	496
318	498	485	96
105	369	106	241
115	295	221	416
372	205	336	308
32	236	114	228
468	264	206	73
79	167	106	93
498	185	366	44
191	255	205	229
477	9	89	181
194	417	61	482
99	462	257	7
369	80	305	313
456	32	161	213
311	49	136	78
384	191	112	293
58	79	353	477
420	482	448	49
450	7	423	263
395	466	62	414
422	119	441	347
176	155	271	412
262	452	441	287
376	293	265	6
392	384	391	14
86	455	192	35
12	216	467	211
410	67	74	383
149	373	387	67
262	235	298	229
238	242	25	148
468	224	278	104
411	181	180	281
408	113	38	141
219	64	335	465
404	458	170	364
177	293	474	428
244	183	427	5
150	306	467	288
43	394	483	294
298	185	235	436
10	425	293	245
164	167	51	267
395	201	297	337
459	182	356	91
220	113	0	178
500	355	411	69
463	356	1	22
25	210	264	218
373	494	231	355
440	423	384	177
432	273	385	243
40	43	167	180
73	226	400	331
387	64	465	293
379	219	127	391
155	255	79	194
15	157	394	109
55	145	324	246
411	44	484	168
477	386	45	436
124	350	100	40
213	188	75	49
458	81	273	104
361	15	475	455
275	161	318	364
430	496	22	204
367	352	428	101
451	273	500	415
7	441	422	307
85	322	294	440
66	371	302	177
233	125	277	104
122	410	190	16
381	22	482	388
465	212	336	224
217	209	430	367
239	168	202	360
211	55	407	409
251	328	234	66
1	40	191	240
406	52	127	454
289	305	237	275
85	206	298	443
165	162	260	143
234	441	469	39
101	149	271	240
444	125	74	167
263	133	210	275
110	175	331	59
482	471	160	240
499	94	52	228
472	136	497	125
84	85	37	433
246	208	182	129
37	462	470	418
52	442	372	403
322	173	348	445
426	176	175	34
410	467	125	33
396	182	456	264
246	311	254	483
460	8	450	203
221	228	248	499
445	487	13	74
103	201	411	262
28	142	267	456
360	408	40	293
385	392	251	439
372	235	303	237
405	39	347	412
67	139	259	84
434	490	231	7
422	122	127	81
339	227	253	256
184	45	290	419
106	122	136	453
471	447	443	421
49	426	45	9
373	426	15	412
377	16	462	451
491	89	202	422
478	35	321	315
472	123	392	24
116	349	25	64
272	180	115	181
386	351	2	237
234	213	140	29
294	41	18	455
388	359	478	471
61	7	287	293
268	243	251	20
195	229	469	30
21	192	244	361
414	147	145	175
314	74	420	74
277	85	483	306
350	490	13	92
498	235	492	144
423	447	246	13
182	20	377	329
36	176	133	11
133	460	16	54
133	496	455	491
379	217	52	204
240	418	124	127
30	24	77	120
241	213	32	56
240	69	116	409
147	159	37	467
1	304	475	406
357	405	36	127
147	43	338	151
99	122	9	345
378	373	285	169
257	136	132	186
270	175	280	47
322	70	470	258
34	309	95	402
9	28	336	174
409	98	75	206
57	133	166	8
71	66	84	391
376	455	303	430
232	271	169	231
273	261	252	447
42	413	205	95
202	346	215	44
247	173	316	312
443	311	481	327
311	135	427	347
23	452	228	209
323	365	427	290
79	170	18	450
494	43	445	203
341	493	51	28
340	189	114	274
256	335	241	397
221	109	482	328
444	10	461	295
256	499	17	130
41	280	462	269
94	221	384	22
48	316	476	327
110	154	152	36
335	390	79	398
388	259	294	71
290	37	206	31
195	129	389	246
485	90	334	4
178	492	269	277
382	318	140	366
126	314	498	53
315	316	6	80
89	53	236	482
438	450	427	174
67	196	280	314
299	459	63	251
4	7	491	288
327	267	19	155
44	372	156	407
63	496	252	181
185	173	191	193
392	57	240	144
152	405	250	368
190	121	257	345
361	221	1	498
134	349	242	422
68	336	367	323
257	286	361	371
257	371	275	372
117	480	236	461
261	393	147	294
31	335	20	344
147	485	38	437
240	490	331	181
419	237	461	112
43	106	297	209
157	54	210	176
68	76	423	234
1	449	463	282
490	267	366	470
244	380	206	128
428	482	398	6
335	195	286	436
131	427	378	102
442	344	266	80
116	33	500	235
377	203	102	388
227	365	356	273
400	135	285	275
326	370	238	225
259	300	20	228
147	402	383	329
161	1	172	237
6	363	174	115
258	236	306	84
245	353	90	316
429	110	198	27
140	412	275	370
381	426	266	17
435	292	128	71
61	370	275	289
85	111	356	175
217	25	20	171
288	68	181	395
430	466	271	251
485	62	208	287
332	330	459	139
207	429	134	397
465	217	460	199
472	125	135	293
109	222	434	65
196	259	462	166
399	326	471	118
429	496	177	475
280	143	466	37
442	289	313	487
200	184	383	165
31	20	79	60
492	313	423	370
315	419	141	306
135	264	451	108
402	338	234	441
217	462	62	278
369	327	23	316
260	312	240	61
439	213	379	27
86	364	23	302
186	172	459	493
487	96	5	293
392	211	90	228
159	145	267	91
495	207	234	367
215	8	89	135
224	289	370	208
405	23	254	293
185	287	404	127
101	434	158	217
196	268	86	201
392	434	495	92
487	160	403	410
397	288	403	42
92	500	252	331
235	32	250	169
50	130	464	1
197	174	435	31
280	344	297	271
234	233	144	180
117	329	315	110
151	93	119	376
17	137	325	97
54	269	37	476
275	86	485	385
370	240	278	320
365	409	38	479
117	339	65	142
273	316	14	320
52	181	124	131
12	461	121	386
159	192	314	445
209	147	81	463
320	119	208	451
315	262	265	197
316	232	406	168
331	50	74	256
386	296	380	245
38	232	413	38
196	208	139	162
74	353	59	416
257	440	344	88
215	362	136	196
14	247	414	63
146	174	35	292
270	399	108	435
290	154	221	448
328	247	5	297
77	115	340	98
21	15	298	118
250	91	497	494
104	339	390	73
247	444	181	393
132	371	196	112
346	445	294	45
478	487	200	293
50	323	10	208
275	228	201	16
301	115	74	319
392	221	358	260
119	310	460	381
236	239	396	333
375	479	484	477
235	105	155	208
303	11	127	362
440	54	389	270
366	455	198	115
170	473	454	168
380	497	466	454
0	178	284	231
152	284	326	306
47	0	336	100
87	375	473	58
267	240	367	498
310	376	0	40
336	134	495	379
118	215	367	201
17	97	223	310
87	250	270	87
433	91	84	396
445	310	280	486
228	459	82	388
253	312	205	322
22	252	461	54
64	493	15	318
108	482	474	122
360	257	180	314
228	413	55	359
43	421	177	73
106	176	418	282
465	364	386	477
148	356	310	462
475	470	405	482
46	204	249	355
84	35	389	261
106	21	229	351
69	208	386	0
337	160	237	274
359	16	478	81
266	286	285	21
410	139	290	484
407	307	58	184
496	370	449	44
156	412	483	178
217	396	133	148
489	197	140	94
409	33	151	290
237	35	118	31
305	315	477	282
380	31	231	72
13	186	481	353
317	446	43	112
411	17	212	174
392	26	474	482
257	67	379	241
440	347	172	228
428	394	217	103
89	75	187	440
351	111	425	454
338	369	90	150
197	100	263	331
151	152	260	68
212	473	132	355
499	73	404	480
405	329	425	267
339	113	333	465
500	80	294	231
396	342	226	454
153	455	400	270
339	121	186	322
28	406	184	65
53	266	337	59
253	6	252	135
248	272	78	21
30	329	273	49
343	298	153	22
407	296	9	44
222	134	261	162
64	456	215	230
357	302	294	207
369	275	417	286
198	404	159	439
26	320	409	118
146	23	114	315
98	115	79	282
285	70	364	67
490	403	208	191
457	218	73	183
474	246	380	52
403	397	209	480
485	159	136	355
91	462	279	437
74	247	313	145
10	0	477	398
229	473	494	277
432	431	5	475
497	456	461	57
260	65	48	337
480	67	340	78
348	339	311	338
188	489	342	116
244	65	332	105
471	86	75	316
235	111	99	210
13	249	473	414
374	111	71	164
5	208	456	128
457	201	344	459
392	407	360	324
341	322	31	41
418	265	104	290
170	396	98	279
237	233	493	408
129	207	92	161
11	7	365	278
142	386	367	427
114	352	138	442
290	333	131	211
117	302	174	85
312	378	205	247
28	176	57	162
14	52	216	500
106	198	100	469
151	43	258	485
36	210	391	422
53	305	99	323
419	400	246	472
46	316	71	105
451	474	100	442
7	401	136	279
74	166	268	191
120	359	392	370
326	8	39	164
120	32	119	239
55	275	453	474
218	408	185	437
9	325	94	349
331	1	299	375
310	500	491	63
349	345	326	194
2	218	364	173
336	197	416	277
312	428	443	29
258	120	360	337
388	42	11	33
323	196	164	85
25	417	303	150
126	272	410	240
485	311	278	481
82	366	230	372
380	154	456	9
29	217	83	323
304	24	314	156
83	211	220	322
364	7	377	222
42	493	489	28
122	246	312	417
205	16	395	133
171	306	401	272
313	18	211	297
175	270	73	48
334	19	180	1
292	430	312	385
370	387	248	387
216	477	354	43
377	149	204	331
416	338	394	463
50	443	227	214
313	428	185	370
325	411	459	431
75	293	201	452
340	183	466	136
420	103	123	435
485	172	348	261
145	185	203	24
137	289	204	496
337	446	35	262
97	8	0	467
156	146	408	436
358	86	350	85
347	363	327	364
410	161	331	383
216	252	401	471
96	464	145	381
331	53	101	289
448	124	268	187
85	376	64	459
74	357	192	222
96	232	443	373
286	222	368	305
459	469	242	247
100	76	378	200
47	470	451	72
497	152	172	28
145	394	481	388
218	220	340	344
114	361	138	67
329	16	372	156
212	374	457	213
248	194	238	418
441	103	165	65
382	265	264	27
412	399	100	133
205	257	283	292
458	5	16	430
264	439	411	405
471	339	96	240
456	4	151	202
158	64	298	381
346	180	471	110
46	409	208	397
376	297	141	313
228	86	155	301
140	312	393	90
395	146	123	217
286	55	26	492
251	254	456	2
181	3	318	392
446	438	72	428
401	443	133	119
362	307	377	285
39	420	262	404
451	114	0	9
226	442	487	122
340	122	371	397
364	256	465	112
4	246	51	280
146	226	362	37
356	306	429	104
494	250	376	80
457	452	458	155
218	313	223	177
105	161	3	90
338	200	329	73
250	203	314	231
253	83	82	47
225	159	277	3
497	146	12	378
86	278	280	57
325	89	318	44
402	140	148	213
45	336	194	156
348	478	374	100
35	256	218	338
282	319	393	120
201	179	140	393
116	201	19	223
443	473	212	343
359	37	69	183
233	26	199	337
415	456	456	145
255	81	355	498
166	10	62	65
407	361	412	273
142	228	435	3
485	86	131	477
60	158	412	172
288	335	341	394
262	20	63	195
145	141	241	75
282	170	287	256
319	267	359	497
228	95	176	244
429	307	231	289
200	283	329	391
68	111	63	282
167	437	358	340
414	308	420	211
99	304	229	142
133	490	243	389
112	243	80	72
236	462	482	390
45	354	327	369
84	169	229	327
44	88	407	392
175	28	437	97
421	271	499	251
38	265	212	421
23	201	74	323
371	460	20	283
356	224	85	95
498	251	86	193
295	28	462	499
238	459	258	409
397	400	292	29
169	186	464	441
176	335	93	401
455	428	79	272
373	381	175	383
28	469	310	348
36	420	337	288
392	191	133	375
166	322	86	60
272	472	337	106
229	430	82	181
78	83	170	363
384	34	494	372
171	112	3	16
138	183	315	74
186	47	131	242
197	285	354	62
95	313	225	278
146	295	8	259
426	286	408	197
125	210	393	485
139	242	239	386
53	470	80	90
386	342	253	468
278	384	7	230
257	42	205	128
403	207	456	493
1	67	308	313
370	499	112	483
171	17	102	190
6	327	170	292
177	298	392	460
347	484	282	239
45	383	243	410
55	19	199	350
472	247	391	140
202	265	380	215
390	406	74	205
153	250	492	376
137	165	479	328
212	37	376	462
183	462	291	403
476	452	115	200
116	204	413	265
331	162	317	288
292	438	192	464
385	115	497	157
355	26	408	193
473	102	49	138
343	383	62	397
204	180	97	392
384	321	141	101
418	245	31	266
292	196	190	54
17	432	173	52
252	458	71	261
103	402	67	449
87	241	18	350
466	29	245	404
264	14	412	467
409	196	410	289
53	245	498	299
300	200	17	272
158	68	278	227
471	245	145	360
264	466	45	29
212	367	287	499
421	327	110	246
138	302	235	475
294	274	419	327
351	43	271	53
324	268	488	30
210	90	421	289
139	381	173	266
495	302	462	198
454	104	284	302
246	125	280	444
357	243	456	282
129	268	186	36
256	357	396	174
322	473	33	147
242	128	123	92
10	82	203	251
243	210	137	463
472	420	405	141
10	439	356	278
338	357	50	275
142	330	134	168
171	370	117	36
369	347	229	385
375	140	337	359
98	97	453	115
306	421	477	424
265	197	150	287
478	205	486	253
446	344	395	397
215	440	117	97
473	241	335	244
11	148	204	55
9	146	0	119
177	416	148	322
164	21	381	263
435	149	422	136
477	7	386	3
0	97	244	57
217	300	283	389
73	447	255	458
206	37	35	251
413	208	348	266
338	203	10	67
149	410	230	347
135	465	472	464
21	188	345	232
60	478	98	402
54	285	120	464
298	70	343	14
2	264	462	167
338	33	408	217
315	345	459	270
422	111	111	70
476	430	239	292
184	377	281	1
184	357	420	332
384	136	66	456
272	220	16	147
133	148	89	33
194	245	180	254
475	48	430	229
436	301	398	105
276	37	217	57
100	324	242	18
383	142	349	197
26	280	436	192
85	150	85	125
64	466	223	385
171	151	185	383
353	267	356	488
62	175	224	119
6	290	43	171
156	70	335	275
6	214	412	72
256	445	223	0
443	456	29	203
394	286	215	469
305	139	463	311
472	448	38	461
403	395	361	104
181	378	480	390
200	333	111	119
162	442	432	83
150	173	340	121
295	330	249	26
219	71	337	241
48	497	230	216
404	30	161	255
378	34	447	32
238	434	78	108
369	341	208	80
167	246	418	36
120	468	65	82
388	99	217	298
375	450	243	40
73	82	162	321
473	113	53	296
358	272	168	408
38	95	32	302
282	119	183	116
423	206	344	278
115	74	363	175
79	354	488	90
380	45	437	138
463	386	50	470
433	279	311	176
377	291	346	0
273	99	24	100
303	76	425	123
143	205	40	128
16	252	290	120
443	401	306	240
294	272	34	98
410	149	217	321
258	276	341	255
118	10	272	364
490	0	112	335
33	144	426	486
376	485	407	316
217	420	400	331
444	359	141	204
232	239	191	191
453	306	374	71
277	356	209	42
295	425	88	52
305	217	111	11
392	66	305	484
424	79	59	145
450	44	16	103
306	321	171	321
473	345	439	323
121	95	153	185
233	366	320	222
141	233	282	240
202	153	247	260
392	377	27	343
121	498	391	160
468	273	392	13
420	482	185	234
380	245	260	5
306	136	349	224
362	327	275	67
270	226	153	138
293	96	287	436
203	436	280	143
315	363	50	111
79	372	331	185
456	374	366	372
93	131	452	379
233	48	378	485
408	308	64	119
337	270	303	144
290	376	329	374
451	215	168	380
378	280	103	289
364	468	255	258
475	386	33	31
170	14	186	244
356	31	115	121
88	367	304	353
294	292	401	320
448	383	369	294
59	150	495	330
20	366	124	283
167	496	94	429
391	241	17	59
41	98	233	267
178	116	58	429
258	174	411	301
459	456	241	472
372	26	466	461
373	147	165	88
455	231	122	312
370	6	417	296
291	390	12	371
77	329	269	234
499	451	259	452
236	97	107	261
361	175	312	445
365	342	73	358
80	133	281	490
485	493	290	305
94	171	307	307
78	49	372	294
124	40	348	367
481	411	381	61
280	490	75	333
67	103	140	44
171	416	127	257
366	299	44	309
64	236	83	321
315	358	352	364
98	112	272	32
43	20	129	475
398	173	486	277
331	234	171	453
28	24	170	292
248	148	68	232
445	436	180	98
122	220	146	81
203	168	345	54
58	33	446	494
369	312	35	21
27	138	227	449
390	289	428	403
376	447	245	65
1	469	97	3
55	303	149	227
114	184	198	289
2	156	465	282
376	8	175	95
350	372	144	470
374	132	304	124
282	359	485	421
455	264	372	371
296	405	106	374
197	7	227	48
388	476	300	229
237	262	1	227
386	159	255	435
384	197	169	402
317	227	470	176
23	289	492	99
368	103	367	178
214	87	186	398
225	153	344	129
490	214	43	433
400	386	348	286
233	234	255	156
190	3	199	212
274	87	331	307
205	250	477	112
6	362	280	458
146	291	295	400
231	352	342	257
265	486	77	327
490	476	452	211
275	332	411	28
425	218	200	449
74	206	340	352
135	323	367	92
385	418	233	306
447	440	214	129
407	38	182	352
212	104	119	427
248	422	165	134
266	243	189	304
285	36	390	325
289	312	285	305
433	97	331	328
257	402	486	18
263	321	447	363
360	290	133	95
370	67	316	113
2	379	499	15
423	446	31	2
60	458	319	321
169	62	358	415
26	196	447	12
220	489	461	500
79	371	360	329
117	239	168	443
350	433	198	480
26	286	454	446
231	236	378	298
96	3	376	218
147	364	228	342
263	21	453	209
482	342	334	203
126	164	238	234
493	216	482	232
167	483	487	199
188	479	73	173
134	357	324	490
140	281	59	119
485	389	343	380
422	107	339	161
43	131	181	229
496	479	169	413
282	2	135	191
468	419	79	462
96	430	407	103
296	68	266	472
214	476	33	181
493	308	323	490
452	272	42	136
8	258	193	211
383	73	472	451
494	412	155	283
145	227	452	0
56	1	62	244
241	240	358	309
173	418	173	192
434	388	177	265
251	364	402	136
278	168	145	452
165	481	292	294
252	291	212	100
262	424	210	296
339	119	86	109
449	132	28	388
156	299	60	59
178	183	468	297
350	229	228	338
105	13	227	219
20	375	146	217
72	370	19	202
87	220	428	64
336	130	70	128
433	147	238	235
297	193	394	89
123	261	99	31
390	167	353	237
384	331	272	0
92	205	445	237
178	77	238	261
418	353	20	51
45	424	248	260
133	50	60	227
259	437	157	28
301	253	328	364
249	168	268	421
146	259	463	392
316	404	332	207
20	382	266	83
220	80	236	367
259	6	424	138
417	297	231	413
22	80	466	426
362	228	484	30
426	412	405	51
379	86	491	170
121	95	220	117
495	420	423	124
351	326	467	63
231	143	74	164
333	488	148	348
329	333	149	398
206	321	259	286
470	205	38	249
311	275	176	75
322	429	1	498
348	150	237	187
363	326	10	200
36	176	338	449
301	421	193	288
227	179	74	1
498	35	72	380
227	151	306	67
222	261	232	140
185	398	294	8
192	267	443	418
141	97	295	388
5	14	207	60
390	99	470	186
40	217	102	491
37	329	153	424
322	440	488	158
10	322	244	339
59	396	55	28
125	257	336	199
366	419	426	169
140	254	116	294
389	247	294	209
207	35	72	54
433	195	127	161
444	207	284	120
64	203	407	442
31	142	120	302
142	383	319	133
28	64	270	310
62	236	357	328
228	35	360	459
43	398	83	140
255	469	367	153
330	486	46	12
155	374	236	409
197	161	70	433
336	417	442	414
265	213	350	359
16	457	108	128
407	335	456	399
362	385	243	211
493	321	268	399
263	438	351	383
7	168	477	95
273	233	137	144
116	33	195	106
51	198	27	140
390	426	27	229
322	440	180	36
158	70	360	230
242	496	283	415
365	340	61	128
200	432	111	417
186	230	443	102
210	200	136	360
392	56	346	323
132	316	117	153
174	126	80	242
396	332	116	466
292	179	125	313
355	387	275	306
248	353	355	172
180	399	432	301
86	351	2	378
460	315	63	465
204	332	53	170
319	207	374	393
334	393	178	470
468	37	393	188
176	63	199	416
309	235	111	268
18	411	6	314
499	489	1	438
454	43	316	465
36	50	178	41
499	366	409	277
17	353	440	471
210	3	309	350
153	450	9	150
19	406	424	244
283	317	155	100
65	188	469	347
99	471	350	325
74	449	306	144
149	418	150	176
338	119	340	403
497	462	47	314
34	253	106	268
403	2	367	339
357	478	135	31
79	151	403	372
102	477	148	172
14	466	416	413
349	40	4	178
401	181	475	181
487	18	170	252
162	441	40	443
122	348	404	61
99	199	304	278
274	185	276	437
167	441	435	287
63	112	17	361
423	17	86	98
409	430	131	237
410	96	457	449
135	287	223	28
80	222	222	269
294	24	138	320
377	36	199	169
136	170	334	373
85	60	96	35
249	315	462	215
29	28	365	217
132	361	419	98
104	183	292	74
172	20	163	368
12	204	244	494
444	116	4	398
37	352	124	177
165	469	449	171
49	489	247	495
122	115	425	16
399	91	453	88
300	332	127	222
217	310	295	26
347	44	351	240
29	432	499	51
53	415	355	4
155	448	394	36
309	385	359	471
12	367	457	143
446	462	353	144
447	264	251	253
78	437	87	395
143	194	190	148
320	445	478	350
124	78	197	308
417	483	336	89
484	165	494	346
459	432	335	388
182	414	302	215
68	461	44	120
280	397	105	452
441	219	160	176
307	195	299	74
5	328	335	277
206	13	227	42
46	45	466	371
45	347	156	13
497	484	4	259
316	304	223	468
